52
i4b_Ab_abaz_P795_10845        0.0000000 2.2383249 2.3856924 2.1412343 1.1854819 2.8448990 2.9645182 2.9467455 2.8485970 2.9723492 2.9036841 2.9382592 2.8448990 1.1781515 1.9591830 3.4291965 2.5208830 2.2835636 3.0450991 2.0228895 2.7363473 2.5390076 1.9038759 2.0177734 2.4210546 2.3690765 4.0275888 2.3127561 3.3842598 2.8153772 2.4270480 1.1619053 2.8526911 2.5507766 2.8356056 2.2997537 2.6500756 2.7300313 2.6230732 2.6387581 2.6575249 2.7945442 2.0934092 2.1154208 2.6321669 2.4868913 2.4868913 2.1113692 2.0953738 2.6321669 2.1087014 2.7945442 
i1_Ah_ahj_V469_13135          2.2383249 0.0000000 1.3126974 2.3531894 2.1278383 1.4069203 1.6732288 2.6405602 1.6328800 1.6778572 1.7699686 2.6144157 1.4069203 2.1926107 2.2010407 3.1609741 2.1209385 1.0257662 3.0934302 2.4285612 2.5181387 2.0276416 2.3779311 2.2063761 1.1638527 1.4526599 3.3788346 0.7614701 3.5277462 1.5904344 1.3366865 2.1886922 2.0061178 1.3872380 1.6208957 0.6238820 2.0725368 1.4568820 1.2521762 1.2351763 1.7578225 1.8608588 2.3896469 2.3920030 1.7545809 0.7228393 0.7228393 2.3506335 2.4281475 1.7545809 2.4010825 1.8608588 
i5_At_atf_Ach5_45010          2.3856924 1.3126974 0.0000000 2.3669124 2.0752325 1.3204143 1.8153209 2.9802610 1.7293221 1.8153209 2.0489856 2.9499521 1.3204143 2.1070699 2.3355034 3.7983602 2.3863261 1.6745933 3.1739481 2.4906999 2.7251151 2.2791774 2.4811921 2.4077817 1.2248098 1.4794498 3.6803108 1.5069517 3.1937927 1.7629269 0.2413937 2.2119298 1.9841405 1.4895148 1.7991206 1.3949465 1.8704037 1.5987202 1.2401344 1.2412128 1.7151935 1.9854547 2.3174703 2.3337607 1.7125385 1.4699174 1.4699174 2.2991516 2.3870802 1.7125385 2.3340476 1.9854547 
i2_Bc1_bceo_I35_4156          2.1412343 2.3531894 2.3669124 0.0000000 1.8148938 2.7750655 3.3145740 2.6574815 2.8302162 3.3241992 2.9165915 2.6436894 2.7750655 1.8254071 1.4266692 3.5456924 3.1429151 2.6277518 3.5098190 1.4299924 2.7113158 2.8365823 1.5832958 1.3500727 2.5911493 2.7945161 3.7414636 2.4868898 4.3471970 3.0926944 2.3218487 1.7849814 3.1864329 2.6911391 3.0317599 2.3945672 3.1147959 2.8166907 2.5808096 2.5514301 2.8062227 3.2463534 1.5012656 1.5064511 2.8404680 2.5634449 2.5634449 1.4823575 1.5162217 2.8404680 1.5078802 3.2463534 
i4b_Bc2_bceo_I35_0329         1.1854819 2.1278383 2.0752325 1.8148938 0.0000000 2.4216280 2.7554600 2.6380278 2.7828407 2.7627574 2.5063287 2.6428748 2.4216280 0.0856830 2.0679392 3.1595196 2.7899966 2.4931443 2.8470992 2.1383644 2.5192246 2.8734397 1.9620055 2.0655663 2.0603273 2.4632127 3.6521753 2.3601431 3.5811816 2.6246232 2.1536666 0.3761572 2.8133047 2.3961915 2.8262983 2.3919324 2.8026162 2.7164277 2.5059920 2.4871544 2.6115214 2.6151905 2.1643021 2.1791839 2.6808956 2.4153839 2.4153839 2.1495915 2.1694433 2.6808956 2.1722057 2.6151905 
i3_Bm1_bmal_DM55_3351         2.8448990 1.4069203 1.3204143 2.7750655 2.4216280 0.0000000 1.4963865 2.8827190 1.5593237 1.4878400 1.9762967 2.8540037 0.0000010 2.4600084 2.9746240 3.8480381 2.6733588 1.6106588 3.3836563 2.9872200 2.7894040 2.7391609 3.0372393 2.8723222 1.0379774 1.5043433 4.0174472 1.5236811 3.6885905 1.4713654 1.3511251 2.6383780 1.9362199 0.8970765 1.5752912 1.4288578 2.0598218 1.5242186 1.1711697 1.1655100 1.6302357 1.8418276 2.7904118 2.7992370 1.6140568 1.4486815 1.4486815 2.8215523 2.8646559 1.6140568 2.8237697 1.8418276 
i3_Bm2_bmal_DM55_3873         2.9645182 1.6732288 1.8153209 3.3145740 2.7554600 1.4963865 0.0000000 2.9749536 0.6131920 0.0022921 2.1893181 2.9443565 1.4963865 2.7384825 3.1752234 3.8289677 2.8002463 1.6853869 3.8770998 3.2342226 3.0014297 2.4845692 3.0291680 3.1354802 1.5841919 1.8951496 4.0523816 1.6352166 4.1232631 0.2079887 1.7257153 2.6494522 2.2772439 1.6233127 0.6593452 1.6805817 2.1157057 1.8932729 1.4773813 1.5001910 0.7899181 2.1747186 3.1614180 3.1882704 0.7830450 1.8051327 1.8051327 3.1741599 3.1980398 0.7830450 3.1906207 2.1747186 
i1_Bm5_bmal_DM55_4711         2.9467455 2.6405602 2.9802610 2.6574815 2.6380278 2.8827190 2.9749536 0.0000000 2.9276149 2.9831755 3.0544145 0.0024058 2.8827190 2.7476211 3.0812544 3.6261199 3.9241600 2.7417286 2.7797915 3.1015146 1.1539459 3.7594321 3.1155057 2.9384890 3.0041098 3.0701528 3.6642637 2.9100995 4.2438018 2.7512354 3.0065943 2.6768724 3.5746863 2.9206401 2.9233371 2.8455428 3.0755033 2.5917096 3.2273004 3.2066689 2.9176273 3.4873246 2.9555589 2.9591835 2.9567560 2.6954786 2.6954786 2.9751682 2.8931681 2.9567560 2.9622581 3.4873246 
i3_Bps1_bps_BPSS0101          2.8485970 1.6328800 1.7293221 2.8302162 2.7828407 1.5593237 0.6131920 2.9276149 0.0000000 0.6089035 2.1148728 2.8979828 1.5593237 2.7899139 3.1175803 3.5055020 2.7863231 1.7118701 3.6463223 3.1395730 3.0160251 2.6536519 2.8518930 3.1906414 1.4299233 1.7232961 3.7379052 1.6041458 3.9477596 0.5872330 1.6790605 2.7198480 2.2122188 1.6246299 0.7088644 1.5896964 2.1024019 1.8184745 1.5755514 1.5916158 0.5780617 2.1622503 3.0456802 3.0759601 0.5522513 1.7398424 1.7398424 3.0243478 3.1179815 0.5522513 3.0833616 2.1622503 
i3_Bps2_bps_BPSS0169          2.9723492 1.6778572 1.8153209 3.3241992 2.7627574 1.4878400 0.0022921 2.9831755 0.6089035 0.0000000 2.1756045 2.9524887 1.4878400 2.7457765 3.1839044 3.8375815 2.8057791 1.6980794 3.8770998 3.2429025 3.0095627 2.4896559 3.0373821 3.1440846 1.5750926 1.8991404 4.0550153 1.6476629 4.1258631 0.2051198 1.7257153 2.6565242 2.2631834 1.6139949 0.6608729 1.6709737 2.1157057 1.8983663 1.4689550 1.4916401 0.7965073 2.1614709 3.1700968 3.1970405 0.7895399 1.8100518 1.8100518 3.1828847 3.2068077 0.7895399 3.1993981 2.1614709 
i3_Bps3_bps_BPSS0530          2.9036841 1.7699686 2.0489856 2.9165915 2.5063287 1.9762967 2.1893181 3.0544145 2.1148728 2.1756045 0.0000000 3.0544145 1.9762967 2.4854464 3.3346696 3.3869433 2.8917052 1.9821911 4.1546197 3.2864464 3.2791535 2.5494256 2.8965648 3.0759356 1.7480458 2.1590983 3.9029934 2.1260178 3.8033089 2.1949582 2.0053133 2.7041970 1.3116180 1.9275129 2.3475129 1.9251565 2.6194405 2.2322897 1.8088058 1.8078673 2.0807506 1.4263653 2.9648758 2.9597736 2.0972826 1.9817757 1.9817757 3.0073919 2.9468365 2.0972826 2.9718704 1.4263653 
i1_Bps4_bps_BPSS1509          2.9382592 2.6144157 2.9499521 2.6436894 2.6428748 2.8540037 2.9443565 0.0024058 2.8979828 2.9524887 3.0544145 0.0000000 2.8540037 2.7614417 3.0783693 3.6261199 3.9335791 2.7143994 2.7873554 3.0987561 1.1444691 3.7551470 3.0989863 2.9285360 2.9728641 3.0376129 3.6642637 2.9003415 4.2438018 2.7238578 2.9760682 2.6818747 3.5746863 2.9261091 2.8936497 2.8167427 3.0437252 2.5665220 3.1925157 3.1721366 2.8882623 3.4873246 2.9469926 2.9505921 2.9268254 2.6690039 2.6690039 2.9665391 2.8847901 2.9268254 2.9536600 3.4873246 
i3_Bps5_bps_BPSS2106          2.8448990 1.4069203 1.3204143 2.7750655 2.4216280 0.0000010 1.4963865 2.8827190 1.5593237 1.4878400 1.9762967 2.8540037 0.0000000 2.4600084 2.9746240 3.8480381 2.6733588 1.6106588 3.3836563 2.9872200 2.7894040 2.7391609 3.0372393 2.8723222 1.0379774 1.5043433 4.0174472 1.5236811 3.6885905 1.4713654 1.3511251 2.6383780 1.9362199 0.8970765 1.5752912 1.4288578 2.0598218 1.5242186 1.1711697 1.1655100 1.6302357 1.8418276 2.7904118 2.7992370 1.6140568 1.4486815 1.4486815 2.8215523 2.8646559 1.6140568 2.8237697 1.8418276 
i4b_Bps6_bps_BPSL3110         1.1781515 2.1926107 2.1070699 1.8254071 0.0856830 2.4600084 2.7384825 2.7476211 2.7899139 2.7457765 2.4854464 2.7614417 2.4600084 0.0000000 2.0985708 3.2617797 2.7663827 2.4848341 2.9232794 2.0867482 2.5334939 2.8974454 1.9842145 2.0239819 2.0961240 2.4238454 3.4719074 2.4077849 3.4275954 2.6565527 2.1688950 0.3373922 2.8255936 2.3989083 2.7791404 2.4820776 2.7402316 2.7614342 2.4608007 2.4593965 2.6618330 2.6287067 2.1578750 2.1728052 2.7081289 2.4713800 2.4713800 2.1431198 2.1651217 2.7081289 2.1657970 2.6287067 
i2_Cf1_cfd_CFNIH1_02190       1.9591830 2.2010407 2.3355034 1.4266692 2.0679392 2.9746240 3.1752234 3.0812544 3.1175803 3.1839044 3.3346696 3.0783693 2.9746240 2.0985708 0.0000000 3.8337354 3.1317589 2.6079587 3.4895999 0.5026927 2.9366753 2.9225299 0.8562251 0.4489859 2.4597590 2.5273296 3.6985703 2.5219246 3.7737090 3.2074095 2.2880529 2.0680831 3.3961989 2.9943394 2.9652916 2.4564341 3.0268964 2.7466004 2.5793172 2.5554542 3.0921532 3.1865436 0.7440139 0.7398878 3.0379957 2.3540128 2.3540128 0.7357824 0.7637193 3.0379957 0.7448713 3.1865436 
i4a_Cf2_cfd_CFNIH1_08875      3.4291965 3.1609741 3.7983602 3.5456924 3.1595196 3.8480381 3.8289677 3.6261199 3.5055020 3.8375815 3.3869433 3.6261199 3.8480381 3.2617797 3.8337354 0.0000000 4.3122648 3.1335597 3.7843549 3.8478157 3.8382985 3.9267097 3.6158897 3.7319548 3.4649099 4.0558886 1.5899906 3.2355534 2.6421169 3.5084921 3.4599401 3.2228318 4.0808055 3.7761010 3.8112290 3.4015345 3.6941912 3.3174317 3.8465724 3.8555868 3.5793376 3.9771068 3.8051330 3.8161954 3.5858816 3.2999889 3.2999889 3.7685051 3.8619398 3.5858816 3.8177607 3.9771068 
i1_Cj_cjl_PJ17_05100          2.5208830 2.1209385 2.3863261 3.1429151 2.7899966 2.6733588 2.8002463 3.9241600 2.7863231 2.8057791 2.8917052 3.9335791 2.6733588 2.7663827 3.1317589 4.3122648 0.0000000 2.3056392 3.8130876 3.2781251 3.7492458 0.7453238 2.9790499 3.0846267 2.3879606 2.8431883 5.6112337 2.2922755 4.1017474 2.8106239 2.4000496 3.0054014 2.5338627 2.3180623 2.4702725 2.2245511 2.5138793 2.3280984 2.4174494 2.4198736 2.5884616 2.4786379 3.1089927 3.1260221 2.5594024 2.1002151 2.1002151 3.1452482 3.1626809 2.5594024 3.1348514 2.4786379 
i1_EAEC1_eck_EC55989_0225     2.2835636 1.0257662 1.6745933 2.6277518 2.4931443 1.6106588 1.6853869 2.7417286 1.7118701 1.6980794 1.9821911 2.7143994 1.6106588 2.4848341 2.6079587 3.1335597 2.3056392 0.0000000 3.1012801 2.5668782 2.7602218 2.1829333 2.2421475 2.6096598 1.4655817 1.5470573 3.6624375 1.2443110 3.2469468 1.6569974 1.7368883 2.4291797 2.0907300 1.6167680 1.7588083 1.1505917 1.9701452 1.5229161 1.5885972 1.5932040 1.5912336 1.9061791 2.3131457 2.3287971 1.5916482 0.8087638 0.8087638 2.3052662 2.3674474 1.5916482 2.3295322 1.9061791 
i4b_EAEC2_eck_EC55989_3287    3.0450991 3.0934302 3.1739481 3.5098190 2.8470992 3.3836563 3.8770998 2.7797915 3.6463223 3.8770998 4.1546197 2.7873554 3.3836563 2.9232794 3.4895999 3.7843549 3.8130876 3.1012801 0.0000000 3.3540286 2.6554673 3.4974146 3.2772885 3.3777311 3.4333166 3.2313422 4.4938478 3.4208940 4.0019029 3.6591975 3.0621996 3.0297952 4.0261142 3.2504212 3.7095271 3.3819065 3.4320346 3.0142364 3.6267443 3.6624620 3.8229482 4.0077139 3.3926913 3.4225395 3.8079812 2.9118904 2.9118904 3.3561670 3.4890554 3.8079812 3.4237595 4.0077139 
i2_EAEC3_eck_EC55989_3338     2.0228895 2.4285612 2.4906999 1.4299924 2.1383644 2.9872200 3.2342226 3.1015146 3.1395730 3.2429025 3.2864464 3.0987561 2.9872200 2.0867482 0.5026927 3.8478157 3.2781251 2.5668782 3.3540286 0.0000000 3.0119557 3.0036847 0.8172619 0.3256923 2.5327675 2.5696560 3.7709260 2.7441359 3.5592660 3.1124283 2.5569061 2.0725042 3.4246183 2.8510286 3.0442240 2.4192993 3.2625827 2.8020824 2.4701457 2.4927588 3.2043713 3.3399125 0.7188258 0.7206006 3.1885313 2.4090987 2.4090987 0.7086474 0.7173332 3.1885313 0.7241162 3.3399125 
i4b_Et_etr_ETAE_2441          2.7363473 2.5181387 2.7251151 2.7113158 2.5192246 2.7894040 3.0014297 1.1539459 3.0160251 3.0095627 3.2791535 1.1444691 2.7894040 2.5334939 2.9366753 3.8382985 3.7492458 2.7602218 2.6554673 3.0119557 0.0000000 3.7157016 3.0532285 2.7792437 2.7289837 3.1165519 3.7527647 2.8609226 4.3143262 2.9536385 2.6914226 2.7408493 3.4229309 2.9443048 3.1954272 2.8139996 3.0000043 2.6533396 3.0512828 3.0854222 3.2270545 3.3313970 2.8772480 2.8857940 3.2661792 2.5648189 2.5648189 2.9024169 2.8379450 3.2661792 2.8887483 3.3313970 
i1_Hh_hhe_HH_0250             2.5390076 2.0276416 2.2791774 2.8365823 2.8734397 2.7391609 2.4845692 3.7594321 2.6536519 2.4896559 2.5494256 3.7551470 2.7391609 2.8974454 2.9225299 3.9267097 0.7453238 2.1829333 3.4974146 3.0036847 3.7157016 0.0000000 2.6641101 2.8965531 2.3698299 2.4973646 5.2187497 2.1829053 4.1113098 2.3903814 2.2230799 2.6895239 2.4735319 2.4080067 2.3267213 2.1639891 2.6222231 2.2151797 2.4021646 2.3998763 2.4139498 2.3115000 2.7820760 2.7970886 2.3839154 2.0827313 2.0827313 2.8336210 2.8695092 2.3839154 2.8071991 2.3115000 
i2_Kp1_kpu_KP1_2395           1.9038759 2.3779311 2.4811921 1.5832958 1.9620055 3.0372393 3.0291680 3.1155057 2.8518930 3.0373821 2.8965648 3.0989863 3.0372393 1.9842145 0.8562251 3.6158897 2.9790499 2.2421475 3.2772885 0.8172619 3.0532285 2.6641101 0.0000000 0.8327468 2.4117661 2.5832524 3.7100623 2.4200114 3.5252967 2.8920190 2.5492325 1.8847101 3.3701060 3.0407905 3.1257506 2.3677917 2.8122063 2.7631144 2.6089670 2.6421675 2.8880397 3.2786726 0.4991454 0.5130046 2.8631981 2.3090408 2.3090408 0.5038375 0.5200228 2.8631981 0.5034181 3.2786726 
i2_Kp2_kpu_KP1_3387           2.0177734 2.2063761 2.4077817 1.3500727 2.0655663 2.8723222 3.1354802 2.9384890 3.1906414 3.1440846 3.0759356 2.9285360 2.8723222 2.0239819 0.4489859 3.7319548 3.0846267 2.6096598 3.3777311 0.3256923 2.7792437 2.8965531 0.8327468 0.0000000 2.4387666 2.5606014 3.7791923 2.6939971 3.9307084 3.1490438 2.4607361 1.9958298 3.4190838 2.9711058 3.0226374 2.3851473 3.1334646 2.5843795 2.4328910 2.4488842 3.2350693 3.2727381 0.6778584 0.6741363 3.2041943 2.2643492 2.2643492 0.6762972 0.6904527 3.2041943 0.6788976 3.2727381 
i3_Pa1_paei_N296_85           2.4210546 1.1638527 1.2248098 2.5911493 2.0603273 1.0379774 1.5841919 3.0041098 1.4299233 1.5750926 1.7480458 2.9728641 1.0379774 2.0961240 2.4597590 3.4649099 2.3879606 1.4655817 3.4333166 2.5327675 2.7289837 2.3698299 2.4117661 2.4387666 0.0000000 1.3401682 3.5592638 1.2055911 3.2348357 1.5331820 1.2159001 2.2199638 1.7178386 1.1284295 1.7125799 1.2076919 1.9297023 1.5082789 1.0171543 1.0180995 1.6622566 1.6405713 2.4568840 2.4752769 1.6296794 1.3373848 1.3373848 2.4365688 2.5564637 1.6296794 2.4775079 1.6405713 
i1_Pa2_paei_N296_1713         2.3690765 1.4526599 1.4794498 2.7945161 2.4632127 1.5043433 1.8951496 3.0701528 1.7232961 1.8991404 2.1590983 3.0376129 1.5043433 2.4238454 2.5273296 4.0558886 2.8431883 1.5470573 3.2313422 2.5696560 3.1165519 2.4973646 2.5832524 2.5606014 1.3401682 0.0000000 4.2344668 1.4680778 3.5117351 1.8431146 1.4860724 2.4016416 2.1301390 1.5081779 1.8609347 1.4428288 1.6823625 1.5336790 1.3995317 1.3915203 1.8923619 1.9879319 2.6095399 2.6303498 1.8728469 1.6107960 1.6107960 2.6046587 2.6543759 1.8728469 2.6315646 1.9879319 
i4b_Pa3_paei_N296_2437        4.0275888 3.3788346 3.6803108 3.7414636 3.6521753 4.0174472 4.0523816 3.6642637 3.7379052 4.0550153 3.9029934 3.6642637 4.0174472 3.4719074 3.6985703 1.5899906 5.6112337 3.6624375 4.4938478 3.7709260 3.7527647 5.2187497 3.7100623 3.7791923 3.5592638 4.2344668 0.0000000 3.5673886 2.4740288 3.6860507 3.4079411 3.4379830 4.8221072 3.8593168 4.0663765 3.6212006 4.0669157 3.7379187 4.0604281 4.0588904 3.4864048 4.4390534 4.0341348 4.0692461 3.4291049 4.1308635 4.1308635 3.9356420 4.0710627 3.4291049 4.0741015 4.4390534 
i1_Pf_pfn_HZ99_05055          2.3127561 0.7614701 1.5069517 2.4868898 2.3601431 1.5236811 1.6352166 2.9100995 1.6041458 1.6476629 2.1260178 2.9003415 1.5236811 2.4077849 2.5219246 3.2355534 2.2922755 1.2443110 3.4208940 2.7441359 2.8609226 2.1829053 2.4200114 2.6939971 1.2055911 1.4680778 3.5673886 0.0000000 3.5534429 1.5750051 1.5549745 2.3988071 2.1010874 1.5550422 1.8214131 0.7747177 2.2059277 1.4500608 1.4591319 1.4512671 1.8368411 2.0000771 2.5436979 2.5778985 1.8058140 1.0740786 1.0740786 2.5432464 2.6361809 1.8058140 2.5671123 2.0000771 
i4a_Pp1_bph_Bphy_5994         3.3842598 3.5277462 3.1937927 4.3471970 3.5811816 3.6885905 4.1232631 4.2438018 3.9477596 4.1258631 3.8033089 4.2438018 3.6885905 3.4275954 3.7737090 2.6421169 4.1017474 3.2469468 4.0019029 3.5592660 4.3143262 4.1113098 3.5252967 3.9307084 3.2348357 3.5117351 2.4740288 3.5534429 0.0000000 4.0152378 3.2610185 3.3857139 3.4911830 3.3766863 3.7942508 3.1590422 3.4640432 3.6461905 3.6092329 3.6892361 3.6928116 3.7629007 3.9315301 3.9795628 3.5313756 3.4908253 3.4908253 3.8675696 3.9809780 3.5313756 3.9800203 3.7629007 
i3_Pp2_bph_Bphy_6110          2.8153772 1.5904344 1.7629269 3.0926944 2.6246232 1.4713654 0.2079887 2.7512354 0.5872330 0.2051198 2.1949582 2.7238578 1.4713654 2.6565527 3.2074095 3.5084921 2.8106239 1.6569974 3.6591975 3.1124283 2.9536385 2.3903814 2.8920190 3.1490438 1.5331820 1.8431146 3.6860507 1.5750051 4.0152378 0.0000000 1.7389593 2.4328316 2.2049971 1.6374785 0.6754684 1.6071178 2.0704642 1.7802984 1.4861666 1.4918988 0.7940794 2.1586163 3.1439049 3.1654979 0.7834316 1.7777670 1.7777670 3.1505154 3.1447253 0.7834316 3.1727536 2.1586163 
i5_Rl_rlb_RLEG3_07635         2.4270480 1.3366865 0.2413937 2.3218487 2.1536666 1.3511251 1.7257153 3.0065943 1.6790605 1.7257153 2.0053133 2.9760682 1.3511251 2.1688950 2.2880529 3.4599401 2.4000496 1.7368883 3.0621996 2.5569061 2.6914226 2.2230799 2.5492325 2.4607361 1.2159001 1.4860724 3.4079411 1.5549745 3.2610185 1.7389593 0.0000000 2.2538889 1.8818459 1.5169598 1.7547646 1.4376397 1.7466716 1.5673242 1.2019022 1.2068308 1.6904573 1.8954616 2.3756669 2.3827133 1.6905914 1.4762149 1.4762149 2.3417845 2.4376707 1.6905914 2.3847927 1.8954616 
i4b_Rs_rso_RSp0740            1.1619053 2.1886922 2.2119298 1.7849814 0.3761572 2.6383780 2.6494522 2.6768724 2.7198480 2.6565242 2.7041970 2.6818747 2.6383780 0.3373922 2.0680831 3.2228318 3.0054014 2.4291797 3.0297952 2.0725042 2.7408493 2.6895239 1.8847101 1.9958298 2.2199638 2.4016416 3.4379830 2.3988071 3.3857139 2.4328316 2.2538889 0.0000000 2.8988775 2.2741075 2.6604059 2.5331464 2.7022647 2.7347853 2.6525816 2.6487603 2.5457312 2.7803748 1.9834705 1.9969348 2.5888839 2.5274568 2.5274568 1.9694730 2.0191463 2.5888839 1.9904298 2.7803748 
i3_Sm1_serf_L085_12910        2.8526911 2.0061178 1.9841405 3.1864329 2.8133047 1.9362199 2.2772439 3.5746863 2.2122188 2.2631834 1.3116180 3.5746863 1.9362199 2.8255936 3.3961989 4.0808055 2.5338627 2.0907300 4.0261142 3.4246183 3.4229309 2.4735319 3.3701060 3.4190838 1.7178386 2.1301390 4.8221072 2.1010874 3.4911830 2.2049971 1.8818459 2.8988775 0.0000000 1.9413503 2.2997985 1.9861360 2.5599348 2.2325287 1.8064384 1.8142052 2.2304716 0.4181970 3.2127698 3.2411850 2.2389751 2.2404253 2.2404253 3.2029554 3.2133152 2.2389751 3.2404271 0.4181970 
i3_Sm2_serf_L085_13805        2.5507766 1.3872380 1.4895148 2.6911391 2.3961915 0.8970765 1.6233127 2.9206401 1.6246299 1.6139949 1.9275129 2.9261091 0.8970765 2.3989083 2.9943394 3.7761010 2.3180623 1.6167680 3.2504212 2.8510286 2.9443048 2.4080067 3.0407905 2.9711058 1.1284295 1.5081779 3.8593168 1.5550422 3.3766863 1.6374785 1.5169598 2.2741075 1.9413503 0.0000000 1.7123971 1.4275006 1.9639741 1.7612630 1.4766243 1.4822016 1.5726113 1.8524324 2.7553751 2.7573502 1.5546788 1.4824383 1.4824383 2.7407903 2.7640507 1.5546788 2.7814428 1.8524324 
i3_Stm_setc_CFSAN001921_16000 2.8356056 1.6208957 1.7991206 3.0317599 2.8262983 1.5752912 0.6593452 2.9233371 0.7088644 0.6608729 2.3475129 2.8936497 1.5752912 2.7791404 2.9652916 3.8112290 2.4702725 1.7588083 3.7095271 3.0442240 3.1954272 2.3267213 3.1257506 3.0226374 1.7125799 1.8609347 4.0663765 1.8214131 3.7942508 0.6754684 1.7547646 2.6604059 2.2997985 1.7123971 0.0000000 1.7228696 2.1926492 1.8502379 1.6258753 1.6564402 0.8981815 2.2178832 3.1781678 3.1944049 0.8857258 1.9021658 1.9021658 3.1425519 3.2347006 0.8857258 3.2036232 2.2178832 
i1_Vc_vcm_VCM66_A0112         2.2997537 0.6238820 1.3949465 2.3945672 2.3919324 1.4288578 1.6805817 2.8455428 1.5896964 1.6709737 1.9251565 2.8167427 1.4288578 2.4820776 2.4564341 3.4015345 2.2245511 1.1505917 3.3819065 2.4192993 2.8139996 2.1639891 2.3677917 2.3851473 1.2076919 1.4428288 3.6212006 0.7747177 3.1590422 1.6071178 1.4376397 2.5331464 1.9861360 1.4275006 1.7228696 0.0000000 1.8220242 1.3119121 1.1777236 1.1655638 1.6779837 1.9540317 2.4954608 2.5045509 1.6976193 0.9855570 0.9855570 2.4625836 2.5379919 1.6976193 2.5182854 1.9540317 
i5_Vp1_vpa_VPA1041            2.6500756 2.0725368 1.8704037 3.1147959 2.8026162 2.0598218 2.1157057 3.0755033 2.1024019 2.1157057 2.6194405 3.0437252 2.0598218 2.7402316 3.0268964 3.6941912 2.5138793 1.9701452 3.4320346 3.2625827 3.0000043 2.6222231 2.8122063 3.1334646 1.9297023 1.6823625 4.0669157 2.2059277 3.4640432 2.0704642 1.7466716 2.7022647 2.5599348 1.9639741 2.1926492 1.8220242 0.0000000 1.7258006 1.8750627 1.8863600 2.0274745 2.4816691 3.1137392 3.1435158 1.9933024 2.1984103 2.1984103 3.1051326 3.1383430 1.9933024 3.1396252 2.4816691 
i1_Vp2_vpa_VP1413             2.7300313 1.4568820 1.5987202 2.8166907 2.7164277 1.5242186 1.8932729 2.5917096 1.8184745 1.8983663 2.2322897 2.5665220 1.5242186 2.7614342 2.7466004 3.3174317 2.3280984 1.5229161 3.0142364 2.8020824 2.6533396 2.2151797 2.7631144 2.5843795 1.5082789 1.5336790 3.7379187 1.4500608 3.6461905 1.7802984 1.5673242 2.7347853 2.2325287 1.7612630 1.8502379 1.3119121 1.7258006 0.0000000 1.4428254 1.4432679 1.8244050 2.1216591 2.7984607 2.8218349 1.8136873 1.4746727 1.4746727 2.8406997 2.8749948 1.8136873 2.8227972 2.1216591 
i3_Xc_xac_XAC4121             2.6230732 1.2521762 1.2401344 2.5808096 2.5059920 1.1711697 1.4773813 3.2273004 1.5755514 1.4689550 1.8088058 3.1925157 1.1711697 2.4608007 2.5793172 3.8465724 2.4174494 1.5885972 3.6267443 2.4701457 3.0512828 2.4021646 2.6089670 2.4328910 1.0171543 1.3995317 4.0604281 1.4591319 3.6092329 1.4861666 1.2019022 2.6525816 1.8064384 1.4766243 1.6258753 1.1777236 1.8750627 1.4428254 0.0000000 0.0186889 1.6474058 1.7436238 2.5617990 2.5810030 1.6486220 1.5147853 1.5147853 2.5695687 2.5789752 1.6486220 2.5830417 1.7436238 
i3_Xp_xph_XppCFBP6546_13845   2.6387581 1.2351763 1.2412128 2.5514301 2.4871544 1.1655100 1.5001910 3.2066689 1.5916158 1.4916401 1.8078673 3.1721366 1.1655100 2.4593965 2.5554542 3.8555868 2.4198736 1.5932040 3.6624620 2.4927588 3.0854222 2.3998763 2.6421675 2.4488842 1.0180995 1.3915203 4.0588904 1.4512671 3.6892361 1.4918988 1.2068308 2.6487603 1.8142052 1.4822016 1.6564402 1.1655638 1.8863600 1.4432679 0.0186889 0.0000000 1.6511932 1.7566659 2.5410664 2.5600692 1.6528595 1.4991042 1.4991042 2.5561680 2.5581224 1.6528595 2.5620862 1.7566659 
i3_Ye_yet_CH48_3197           2.6575249 1.7578225 1.7151935 2.8062227 2.6115214 1.6302357 0.7899181 2.9176273 0.5780617 0.7965073 2.0807506 2.8882623 1.6302357 2.6618330 3.0921532 3.5793376 2.5884616 1.5912336 3.8229482 3.2043713 3.2270545 2.4139498 2.8880397 3.2350693 1.6622566 1.8923619 3.4864048 1.8368411 3.6928116 0.7940794 1.6904573 2.5457312 2.2304716 1.5726113 0.8981815 1.6779837 2.0274745 1.8244050 1.6474058 1.6511932 0.0000000 2.2294510 3.0191441 3.0398054 0.0474864 1.7006040 1.7006040 2.9944529 3.0379022 0.0474864 3.0423412 2.2294510 
i3_Yp1_ype_YPO0513            2.7945442 1.8608588 1.9854547 3.2463534 2.6151905 1.8418276 2.1747186 3.4873246 2.1622503 2.1614709 1.4263653 3.4873246 1.8418276 2.6287067 3.1865436 3.9771068 2.4786379 1.9061791 4.0077139 3.3399125 3.3313970 2.3115000 3.2786726 3.2727381 1.6405713 1.9879319 4.4390534 2.0000771 3.7629007 2.1586163 1.8954616 2.7803748 0.4181970 1.8524324 2.2178832 1.9540317 2.4816691 2.1216591 1.7436238 1.7566659 2.2294510 0.0000000 3.0262343 3.0521838 2.2436455 2.0371826 2.0371826 3.0223168 3.0970879 2.2436455 3.0514487 0.0000010 
i2_Yp2_ype_YPO0976            2.0934092 2.3896469 2.3174703 1.5012656 2.1643021 2.7904118 3.1614180 2.9555589 3.0456802 3.1700968 2.9648758 2.9469926 2.7904118 2.1578750 0.7440139 3.8051330 3.1089927 2.3131457 3.3926913 0.7188258 2.8772480 2.7820760 0.4991454 0.6778584 2.4568840 2.6095399 4.0341348 2.5436979 3.9315301 3.1439049 2.3756669 1.9834705 3.2127698 2.7553751 3.1781678 2.4954608 3.1137392 2.7984607 2.5617990 2.5410664 3.0191441 3.0262343 0.0000000 0.0112781 3.0162976 2.3550363 2.3550363 0.0135883 0.0585204 3.0162976 0.0044951 3.0262343 
i2_Yp3_ype_YPO1467            2.1154208 2.3920030 2.3337607 1.5064511 2.1791839 2.7992370 3.1882704 2.9591835 3.0759601 3.1970405 2.9597736 2.9505921 2.7992370 2.1728052 0.7398878 3.8161954 3.1260221 2.3287971 3.4225395 0.7206006 2.8857940 2.7970886 0.5130046 0.6741363 2.4752769 2.6303498 4.0692461 2.5778985 3.9795628 3.1654979 2.3827133 1.9969348 3.2411850 2.7573502 3.1944049 2.5045509 3.1435158 2.8218349 2.5810030 2.5600692 3.0398054 3.0521838 0.0112781 0.0000000 3.0369758 2.3652034 2.3652034 0.0204425 0.0489757 3.0369758 0.0067497 3.0521838 
i3_Yp5_ype_YPO2934            2.6321669 1.7545809 1.7125385 2.8404680 2.6808956 1.6140568 0.7830450 2.9567560 0.5522513 0.7895399 2.0972826 2.9268254 1.6140568 2.7081289 3.0379957 3.5858816 2.5594024 1.5916482 3.8079812 3.1885313 3.2661792 2.3839154 2.8631981 3.2041943 1.6296794 1.8728469 3.4291049 1.8058140 3.5313756 0.7834316 1.6905914 2.5888839 2.2389751 1.5546788 0.8857258 1.6976193 1.9933024 1.8136873 1.6486220 1.6528595 0.0474864 2.2436455 3.0162976 3.0369758 0.0000000 1.7034470 1.7034470 2.9915811 3.0314999 0.0000010 3.0395139 2.2436455 
i1_Yp6_ype_YPO3597            2.4868913 0.7228393 1.4699174 2.5634449 2.4153839 1.4486815 1.8051327 2.6954786 1.7398424 1.8100518 1.9817757 2.6690039 1.4486815 2.4713800 2.3540128 3.2999889 2.1002151 0.8087638 2.9118904 2.4090987 2.5648189 2.0827313 2.3090408 2.2643492 1.3373848 1.6107960 4.1308635 1.0740786 3.4908253 1.7777670 1.4762149 2.5274568 2.2404253 1.4824383 1.9021658 0.9855570 2.1984103 1.4746727 1.5147853 1.4991042 1.7006040 2.0371826 2.3550363 2.3652034 1.7034470 0.0000000 0.0000010 2.3391120 2.3680890 1.7034470 2.3739603 2.0371826 
i1_Yps1_ypi_YpsIP31758_0320   2.4868913 0.7228393 1.4699174 2.5634449 2.4153839 1.4486815 1.8051327 2.6954786 1.7398424 1.8100518 1.9817757 2.6690039 1.4486815 2.4713800 2.3540128 3.2999889 2.1002151 0.8087638 2.9118904 2.4090987 2.5648189 2.0827313 2.3090408 2.2643492 1.3373848 1.6107960 4.1308635 1.0740786 3.4908253 1.7777670 1.4762149 2.5274568 2.2404253 1.4824383 1.9021658 0.9855570 2.1984103 1.4746727 1.5147853 1.4991042 1.7006040 2.0371826 2.3550363 2.3652034 1.7034470 0.0000010 0.0000000 2.3391120 2.3680890 1.7034470 2.3739603 2.0371826 
i2_Yps2_ypi_YpsIP31758_0728   2.1113692 2.3506335 2.2991516 1.4823575 2.1495915 2.8215523 3.1741599 2.9751682 3.0243478 3.1828847 3.0073919 2.9665391 2.8215523 2.1431198 0.7357824 3.7685051 3.1452482 2.3052662 3.3561670 0.7086474 2.9024169 2.8336210 0.5038375 0.6762972 2.4365688 2.6046587 3.9356420 2.5432464 3.8675696 3.1505154 2.3417845 1.9694730 3.2029554 2.7407903 3.1425519 2.4625836 3.1051326 2.8406997 2.5695687 2.5561680 2.9944529 3.0223168 0.0135883 0.0204425 2.9915811 2.3391120 2.3391120 0.0000000 0.0661097 2.9915811 0.0135796 3.0223168 
i2_Yps3_ypi_YpsIP31758_0779   2.0953738 2.4281475 2.3870802 1.5162217 2.1694433 2.8646559 3.1980398 2.8931681 3.1179815 3.2068077 2.9468365 2.8847901 2.8646559 2.1651217 0.7637193 3.8619398 3.1626809 2.3674474 3.4890554 0.7173332 2.8379450 2.8695092 0.5200228 0.6904527 2.5564637 2.6543759 4.0710627 2.6361809 3.9809780 3.1447253 2.4376707 2.0191463 3.2133152 2.7640507 3.2347006 2.5379919 3.1383430 2.8749948 2.5789752 2.5581224 3.0379022 3.0970879 0.0585204 0.0489757 3.0314999 2.3680890 2.3680890 0.0661097 0.0000000 3.0314999 0.0561892 3.0970879 
i3_Yps4_ypi_YpsIP31758_1371   2.6321669 1.7545809 1.7125385 2.8404680 2.6808956 1.6140568 0.7830450 2.9567560 0.5522513 0.7895399 2.0972826 2.9268254 1.6140568 2.7081289 3.0379957 3.5858816 2.5594024 1.5916482 3.8079812 3.1885313 3.2661792 2.3839154 2.8631981 3.2041943 1.6296794 1.8728469 3.4291049 1.8058140 3.5313756 0.7834316 1.6905914 2.5888839 2.2389751 1.5546788 0.8857258 1.6976193 1.9933024 1.8136873 1.6486220 1.6528595 0.0474864 2.2436455 3.0162976 3.0369758 0.0000010 1.7034470 1.7034470 2.9915811 3.0314999 0.0000000 3.0395139 2.2436455 
i2_Yps5_ypi_YpsIP31758_2509   2.1087014 2.4010825 2.3340476 1.5078802 2.1722057 2.8237697 3.1906207 2.9622581 3.0833616 3.1993981 2.9718704 2.9536600 2.8237697 2.1657970 0.7448713 3.8177607 3.1348514 2.3295322 3.4237595 0.7241162 2.8887483 2.8071991 0.5034181 0.6788976 2.4775079 2.6315646 4.0741015 2.5671123 3.9800203 3.1727536 2.3847927 1.9904298 3.2404271 2.7814428 3.2036232 2.5182854 3.1396252 2.8227972 2.5830417 2.5620862 3.0423412 3.0514487 0.0044951 0.0067497 3.0395139 2.3739603 2.3739603 0.0135796 0.0561892 3.0395139 0.0000000 3.0514487 
i3_Yps6_ypi_YpsIP31758_3423   2.7945442 1.8608588 1.9854547 3.2463534 2.6151905 1.8418276 2.1747186 3.4873246 2.1622503 2.1614709 1.4263653 3.4873246 1.8418276 2.6287067 3.1865436 3.9771068 2.4786379 1.9061791 4.0077139 3.3399125 3.3313970 2.3115000 3.2786726 3.2727381 1.6405713 1.9879319 4.4390534 2.0000771 3.7629007 2.1586163 1.8954616 2.7803748 0.4181970 1.8524324 2.2178832 1.9540317 2.4816691 2.1216591 1.7436238 1.7566659 2.2294510 0.0000010 3.0262343 3.0521838 2.2436455 2.0371826 2.0371826 3.0223168 3.0970879 2.2436455 3.0514487 0.0000000 
