48
i4b_Ab_abaz_P795_10855         0.0000000 1.4973791 1.8484866 1.4728046 0.8632534 1.3973858 1.2730427 0.9957813 1.9719076 1.6757689 1.4785378 1.6065169 2.1950326 1.6673401 1.3957225 0.8789140 1.4231068 1.3638253 1.6331663 1.5393337 1.5243727 1.1848819 1.5003484 1.3375705 1.5988485 1.2742021 1.3481023 1.5825400 1.7122558 0.9079381 1.6615057 1.2788792 1.3645552 1.5247207 1.3984969 1.3602620 1.3985135 1.4654659 1.6780569 1.4674254 1.4287509 1.4332437 1.6067219 1.6067219 1.4531077 1.4208405 1.4144754 1.6780569 
i1_Ah_ahj_V469_13125           1.4973791 0.0000000 2.0680832 1.6250361 1.4815168 1.7363308 1.4597018 1.6251404 2.3151835 1.6120782 1.8611807 1.8684616 2.4749978 1.6186586 1.7420931 1.4919836 1.6348932 1.8184262 0.5952662 2.1003525 1.8006165 1.5373156 1.6936806 1.6158363 1.4135181 1.6886432 1.8010410 1.8846722 1.8567818 1.5288456 2.0184222 1.6861522 1.6981395 0.7784426 1.6535448 1.2540209 1.7156709 1.7563356 2.1559255 1.6948314 1.6443852 1.7771886 0.4993600 0.4993600 1.6620419 1.7632765 1.6278701 2.1559255 
i5_At_atf_Ach5_45110           1.8484866 2.0680832 0.0000000 1.9180997 1.6444410 1.7670442 1.3593564 1.8257908 2.1809644 1.8497510 1.8290290 1.7833434 2.3855780 1.8456608 1.7697424 1.7045127 1.9362238 1.7090095 2.0256517 2.1862219 1.9034582 1.6304662 1.8083707 1.7488820 1.8636866 1.5764725 1.8517039 1.8142394 0.6079285 1.7497918 1.9870069 1.6409796 1.7457367 2.0550199 1.5066075 1.8978496 1.8235306 1.8591078 1.9960893 1.9249865 1.8900004 1.7990054 2.0425791 2.0425791 1.9152600 1.7798225 1.8762244 1.9960893 
i2_Bc1_bceo_I35_4152           1.4728046 1.6250361 1.9180997 0.0000000 1.4798235 1.5740757 1.2628683 1.4126636 1.8460654 1.5116780 1.7718530 1.7326787 2.0266105 1.5066239 1.5795399 1.4429218 0.9078803 1.7016081 1.7020770 2.0354477 0.9559610 1.3651223 0.9389345 1.5384721 1.6365367 1.6172972 1.6560107 1.9011322 1.9315627 1.4674792 1.8414984 1.5105446 1.6283092 1.6983087 1.6390154 1.5174314 1.6261173 1.7407873 1.9447971 0.8762145 0.8833096 1.7183635 1.7173710 1.7173710 0.8831711 1.7105606 0.8913084 1.9447971 
i4b_Bc2_bceo_I35_0338          0.8632534 1.4815168 1.6444410 1.4798235 0.0000000 1.2086841 1.1755593 0.1451588 1.7579905 1.4441973 1.4592082 1.4637131 1.9686988 1.4375131 1.2065706 0.1312308 1.4695375 1.2519917 1.5962179 1.5604659 1.5002533 0.8370667 1.4554178 1.0384750 1.3859924 1.1584084 1.1310558 1.4642106 1.5891003 0.3869533 1.6967814 1.1615913 1.4819574 1.4393528 1.2875368 1.2706314 1.0975077 1.4147557 1.7866537 1.4382546 1.4112686 1.3978801 1.5993480 1.5993480 1.4201541 1.3932922 1.4246370 1.7866537 
i3_Bm1_bmal_DM55_3339          1.3973858 1.7363308 1.7670442 1.5740757 1.2086841 0.0000000 0.8131475 1.0775197 1.6534782 1.5573918 0.9456863 0.8957709 1.7518882 1.5653564 0.0034833 1.1647929 1.5876451 1.4745379 1.7994061 1.8450169 1.5963808 1.1768970 1.5872039 0.7442308 1.8056490 1.3518338 1.3217649 0.9636569 1.6894099 1.2408380 1.4819552 0.6373409 0.9791048 1.7378111 1.4555388 1.5381978 0.7582897 1.0552539 1.4550991 1.5547816 1.4789441 1.0466365 1.8988134 1.8988134 1.5446032 1.0411702 1.4830795 1.4550991 
i3_Bm2_bmal_DM55_3878          1.2730427 1.4597018 1.3593564 1.2628683 1.1755593 0.8131475 0.0000000 1.4475844 1.4995425 1.3911035 0.3085953 0.0059826 1.5010555 1.3873115 0.8190230 1.1592629 1.3459217 1.1927685 1.5818196 1.4601274 1.3695250 1.1593893 1.3591404 1.0039646 1.3952044 1.1459880 1.2257588 0.2907186 1.3964979 1.1603934 1.2441856 0.8929144 0.6090497 1.5102080 1.2529378 1.4937252 0.9636960 0.7997331 1.3503923 1.3408502 1.2862168 0.8125245 1.5178972 1.5178972 1.3308375 0.7823571 1.2909423 1.3503923 
i4b_Bm3_bmal_DM55_869          0.9957813 1.6251404 1.8257908 1.4126636 0.1451588 1.0775197 1.4475844 0.0000000 2.1279765 1.7102020 1.4259584 1.4379739 2.1297429 1.6976357 1.0782453 0.0019141 1.4761816 1.4873332 1.5852953 1.7022104 1.5292239 0.9246590 1.4786074 0.9943837 1.5596789 1.1316015 1.1312718 1.5111621 1.7064947 0.3665046 1.8816154 1.0693478 1.5276520 1.5993866 1.3243037 1.3350741 0.9720243 1.4155357 1.9600969 1.4123959 1.3549092 1.4337797 1.6795335 1.6795335 1.3945366 1.4179378 1.3618318 1.9600969 
i3_Bm4_bmal_DM55_4027          1.9719076 2.3151835 2.1809644 1.8460654 1.7579905 1.6534782 1.4995425 2.1279765 0.0000000 1.9682194 1.6308873 1.7191051 0.0012724 1.9707911 1.6692139 1.7559558 1.9280808 1.7317779 2.3204011 2.1727473 1.9692517 1.6663239 1.8924864 1.5538886 1.9567404 1.6962079 1.7800227 1.7483852 2.1210134 1.7853361 1.3383832 1.6683388 1.7530868 2.1329048 1.9424096 2.0257715 1.6071518 1.7522143 1.2909159 1.9366841 1.9066421 1.7439588 2.2664530 2.2664530 1.9453332 1.7384506 1.8943108 1.2909159 
i1_Bm5_bmal_DM55_4704          1.6757689 1.6120782 1.8497510 1.5116780 1.4441973 1.5573918 1.3911035 1.7102020 1.9682194 0.0000000 1.6902700 1.7054032 2.1226764 0.0022431 1.5564735 1.4416589 1.5507515 1.6270495 1.7236304 1.9351013 1.6181403 1.3907749 1.5501166 1.5900189 1.3445189 1.4411094 1.5438323 1.7285232 1.7723970 1.4607559 1.8816268 1.5310249 1.7605659 1.6493203 1.7955534 1.2301439 1.6826508 1.8240549 2.0000229 1.5680518 1.5402395 1.8475051 1.6416892 1.6416892 1.5635934 1.8283637 1.5360936 2.0000229 
i3_Bps1_bps_BPSS0116           1.4785378 1.8611807 1.8290290 1.7718530 1.4592082 0.9456863 0.3085953 1.4259584 1.6308873 1.6902700 0.0000000 0.3483630 1.7312667 1.6948692 0.9486783 1.4037661 1.7221521 1.5120580 1.9189969 1.9373713 1.7584966 1.3803462 1.7165974 1.0500141 1.7846001 1.4520553 1.5367100 0.3516173 1.7819787 1.3992179 1.5434782 0.9229746 0.6983419 1.9638825 1.5405506 2.0285885 0.9932938 0.8799225 1.6533664 1.7249587 1.6838590 0.8614794 1.9431915 1.9431915 1.7388412 0.8463315 1.6916962 1.6533664 
i3_Bps2_bps_BPSS0174           1.6065169 1.8684616 1.7833434 1.7326787 1.4637131 0.8957709 0.0059826 1.4379739 1.7191051 1.7054032 0.3483630 0.0000000 1.8112530 1.7023992 0.9002098 1.4110155 1.7583231 1.5266951 2.0111092 1.9263262 1.6949746 1.3678791 1.7059452 1.0711567 1.8048602 1.4327622 1.5677961 0.3342773 1.7589843 1.5034377 1.5618543 0.9654444 0.7013208 1.8709491 1.6479605 1.8864401 1.0339043 0.8695145 1.6413077 1.7187183 1.6672242 0.8729917 1.8923872 1.8923872 1.7140427 0.8503445 1.6747252 1.6413077 
i3_Bps3_bps_BPSS0522           2.1950326 2.4749978 2.3855780 2.0266105 1.9686988 1.7518882 1.5010555 2.1297429 0.0012724 2.1226764 1.7312667 1.8112530 0.0000000 2.1257305 1.7666315 1.9541992 2.1025357 1.8785454 2.5573771 2.4501454 2.1279076 1.7444824 2.0627111 1.6817138 2.1368113 1.8757519 1.9529344 1.8532115 2.2735393 1.9341240 1.4171888 1.7723422 1.8895805 2.3008540 2.0699169 2.1435213 1.7195417 1.8653703 1.3601626 2.0836334 2.0542223 1.8530676 2.4621783 2.4621783 2.0967174 1.8483907 2.0480257 1.3601626 
i1_Bps4_bps_BPSS1502           1.6673401 1.6186586 1.8456608 1.5066239 1.4375131 1.5653564 1.3873115 1.6976357 1.9707911 0.0022431 1.6948692 1.7023992 2.1257305 0.0000000 1.5643900 1.4349650 1.5549759 1.6316978 1.7205852 1.9284275 1.6225370 1.3884801 1.5543194 1.5879892 1.3423273 1.4452357 1.5458112 1.7289061 1.7761577 1.4583703 1.8868828 1.5256219 1.7644379 1.6460792 1.7920462 1.2323071 1.6820067 1.8290274 1.9931870 1.5722853 1.5444111 1.8525448 1.6390136 1.6390136 1.5678185 1.8333708 1.5402642 1.9931870 
i3_Bps5_bps_BPSS2094           1.3957225 1.7420931 1.7697424 1.5795399 1.2065706 0.0034833 0.8190230 1.0782453 1.6692139 1.5564735 0.9486783 0.9002098 1.7666315 1.5643900 0.0000000 1.1629403 1.5832806 1.4716959 1.8036537 1.8516231 1.5960407 1.1755941 1.5818218 0.7399593 1.7994043 1.3515926 1.3176166 0.9684124 1.6937425 1.2397070 1.4773626 0.6369657 0.9834812 1.7435533 1.4547524 1.5374775 0.7563409 1.0613109 1.4536332 1.5517593 1.4764323 1.0526782 1.9043105 1.9043105 1.5416442 1.0472448 1.4805375 1.4536332 
i4b_Bps6_bps_BPSL3101          0.8789140 1.4919836 1.7045127 1.4429218 0.1312308 1.1647929 1.1592629 0.0019141 1.7559558 1.4416589 1.4037661 1.4110155 1.9541992 1.4349650 1.1629403 0.0000000 1.4535970 1.2276429 1.5720826 1.5737996 1.4575997 0.8356302 1.3978923 1.0403860 1.3921019 1.0712262 1.1378127 1.4474556 1.6221742 0.3704725 1.7341208 1.1264654 1.5043324 1.4379029 1.2663152 1.2662684 1.0805370 1.4040181 1.7875661 1.3858696 1.3514774 1.4173027 1.5430353 1.5430353 1.3779662 1.4127101 1.3642471 1.7875661 
i2_Cf1_cfd_CFNIH1_02170        1.4231068 1.6348932 1.9362238 0.9078803 1.4695375 1.5876451 1.3459217 1.4761816 1.9280808 1.5507515 1.7221521 1.7583231 2.1025357 1.5549759 1.5832806 1.4535970 0.0000000 1.5374022 1.5657658 1.9641235 0.3612793 1.4827328 0.2901515 1.5974052 1.5598603 1.5192990 1.7125963 1.7432342 1.7817694 1.4589641 1.8419824 1.4421400 1.7069232 1.6708166 1.6762573 1.4110573 1.6637863 1.8344182 2.0255121 0.4129605 0.4277698 1.8824648 1.7113993 1.7113993 0.4122218 1.8635295 0.4121424 2.0255121 
i4a_Cf2_cfd_CFNIH1_08915       1.3638253 1.8184262 1.7090095 1.7016081 1.2519917 1.4745379 1.1927685 1.4873332 1.7317779 1.6270495 1.5120580 1.5266951 1.8785454 1.6316978 1.4716959 1.2276429 1.5374022 0.0000000 1.7748851 1.8982892 1.5450513 1.1762676 1.4859771 1.4664031 1.6107356 0.6996282 1.1913051 1.5012737 1.6532159 1.2995317 1.7015346 1.4281221 1.5525139 1.7899474 1.5793216 1.5407442 1.4975803 1.5169996 1.7474875 1.5004153 1.4272219 1.5368282 1.7808954 1.7808954 1.5016211 1.5327289 1.4232615 1.7474875 
i1_EAEC1_eck_EC55989_0223      1.6331663 0.5952662 2.0256517 1.7020770 1.5962179 1.7994061 1.5818196 1.5852953 2.3204011 1.7236304 1.9189969 2.0111092 2.5573771 1.7205852 1.8036537 1.5720826 1.5657658 1.7748851 0.0000000 2.0510690 1.6752497 1.7328622 1.6864484 1.7583565 1.4871962 1.6381027 1.9079409 2.0280448 1.9116823 1.5654405 2.0533661 1.7636980 1.9417123 0.8143360 1.8509549 1.3153889 1.8521006 1.8135938 2.3131428 1.6278208 1.6170017 1.8483420 0.4759944 0.4759944 1.6094222 1.8305608 1.6070162 2.3131428 
i4b_EAEC2_eck_EC55989_3283     1.5393337 2.1003525 2.1862219 2.0354477 1.5604659 1.8450169 1.4601274 1.7022104 2.1727473 1.9351013 1.9373713 1.9263262 2.4501454 1.9284275 1.8516231 1.5737996 1.9641235 1.8982892 2.0510690 0.0000000 2.0478954 1.5340991 2.0614914 1.8267170 2.0093084 1.7229206 1.7560192 1.9828065 1.9969910 1.4907129 2.0206954 1.7305964 1.9015569 2.1537046 1.7965453 1.8322067 1.9056329 1.9095259 2.0751827 1.9524848 1.8876894 1.9068539 2.0678627 2.0678627 1.9422729 1.8983519 1.9137615 2.0751827 
i2_EAEC3_eck_EC55989_3334      1.5243727 1.8006165 1.9034582 0.9559610 1.5002533 1.5963808 1.3695250 1.5292239 1.9692517 1.6181403 1.7584966 1.6949746 2.1279076 1.6225370 1.5960407 1.4575997 0.3612793 1.5450513 1.6752497 2.0478954 0.0000000 1.4556702 0.3350997 1.6047848 1.5613954 1.5396421 1.6824079 1.8356657 1.8369397 1.5527290 1.9199824 1.5605274 1.6688352 1.8004787 1.7861257 1.4814869 1.6529424 1.7765500 2.0577880 0.4607683 0.4773621 1.8202368 1.8592010 1.8592010 0.4692172 1.7990780 0.4680214 2.0577880 
i4b_Et_etr_ETAE_2436           1.1848819 1.5373156 1.6304662 1.3651223 0.8370667 1.1768970 1.1593893 0.9246590 1.6663239 1.3907749 1.3803462 1.3678791 1.7444824 1.3884801 1.1755941 0.8356302 1.4827328 1.1762676 1.7328622 1.5340991 1.4556702 0.0000000 1.4004749 1.0744919 1.3241403 1.0805800 1.0725470 1.4027472 1.6316227 0.8805332 1.6891848 1.0695943 1.4253435 1.5515937 1.3681518 1.3960034 1.1271350 1.3001827 1.7140517 1.3473026 1.3338971 1.3089550 1.5413462 1.5413462 1.3576164 1.2955633 1.3425440 1.7140517 
i2_Kp1_kpu_KP1_2399            1.5003484 1.6936806 1.8083707 0.9389345 1.4554178 1.5872039 1.3591404 1.4786074 1.8924864 1.5501166 1.7165974 1.7059452 2.0627111 1.5543194 1.5818218 1.3978923 0.2901515 1.4859771 1.6864484 2.0614914 0.3350997 1.4004749 0.0000000 1.5751430 1.4817797 1.4420768 1.6107749 1.8067299 1.7536246 1.4248515 1.9503623 1.5273439 1.6843883 1.7239212 1.7123291 1.4250810 1.6305519 1.7689899 2.0738425 0.4110747 0.4095922 1.8028380 1.7177841 1.7177841 0.4200126 1.8009384 0.4053257 2.0738425 
i3_Pa1_paei_N296_96            1.3375705 1.6158363 1.7488820 1.5384721 1.0384750 0.7442308 1.0039646 0.9943837 1.5538886 1.5900189 1.0500141 1.0711567 1.6817138 1.5879892 0.7399593 1.0403860 1.5974052 1.4664031 1.7583565 1.8267170 1.6047848 1.0744919 1.5751430 0.0000000 1.6574183 1.2856923 1.1677797 1.0455355 1.5276876 1.1014019 1.3860384 0.5989554 1.0421183 1.7439306 1.2884385 1.5705844 0.3729627 1.0408505 1.5146825 1.5378977 1.5061174 1.0508790 1.7696326 1.7696326 1.5465584 1.0332465 1.5137446 1.5146825 
i1_Pa2_paei_N296_1708          1.5988485 1.4135181 1.8636866 1.6365367 1.3859924 1.8056490 1.3952044 1.5596789 1.9567404 1.3445189 1.7846001 1.8048602 2.1368113 1.3423273 1.7994043 1.3921019 1.5598603 1.6107356 1.4871962 2.0093084 1.5613954 1.3241403 1.4817797 1.6574183 0.0000000 1.5681765 1.5652652 1.8406417 1.8104354 1.3564526 2.0935354 1.6635947 1.8221011 1.4536540 1.7059991 1.2059862 1.7217763 2.0003307 2.3009207 1.5823477 1.5909029 2.0172999 1.4421625 1.4421625 1.5711741 2.0041456 1.5951483 2.3009207 
i4b_Pa3_paei_N296_2445         1.2742021 1.6886432 1.5764725 1.6172972 1.1584084 1.3518338 1.1459880 1.1316015 1.6962079 1.4411094 1.4520553 1.4327622 1.8757519 1.4452357 1.3515926 1.0712262 1.5192990 0.6996282 1.6381027 1.7229206 1.5396421 1.0805800 1.4420768 1.2856923 1.5681765 0.0000000 0.9998869 1.5322186 1.5017193 1.1870392 1.6575951 1.3295214 1.5013773 1.6470343 1.5673078 1.5363288 1.2646831 1.3781026 1.7489685 1.4770098 1.4390686 1.3973143 1.6836912 1.6836912 1.4559183 1.3924180 1.4284003 1.7489685 
i4a_Pp1_bph_Bphy_5984          1.3481023 1.8010410 1.8517039 1.6560107 1.1310558 1.3217649 1.2257588 1.1312718 1.7800227 1.5438323 1.5367100 1.5677961 1.9529344 1.5458112 1.3176166 1.1378127 1.7125963 1.1913051 1.9079409 1.7560192 1.6824079 1.0725470 1.6107749 1.1677797 1.5652652 0.9998869 0.0000000 1.5535781 1.7247275 1.1458898 1.7243490 1.2392688 1.6084376 1.7918862 1.4644821 1.5183102 1.1566550 1.5958120 1.8974349 1.6336890 1.6603832 1.6197477 1.9062114 1.9062114 1.6420000 1.5922761 1.6438013 1.8974349 
i3_Pp2_bph_Bphy_6115           1.5825400 1.8846722 1.8142394 1.9011322 1.4642106 0.9636569 0.2907186 1.5111621 1.7483852 1.7285232 0.3516173 0.3342773 1.8532115 1.7289061 0.9684124 1.4474556 1.7432342 1.5012737 2.0280448 1.9828065 1.8356657 1.4027472 1.8067299 1.0455355 1.8406417 1.5322186 1.5535781 0.0000000 1.7951007 1.4660085 1.5040810 0.9526521 0.6713887 1.9360898 1.6108548 1.8921889 1.0500992 0.8342492 1.5969011 1.6973335 1.6749632 0.8550789 2.0363123 2.0363123 1.7239382 0.8269975 1.6890280 1.5969011 
i5_Rl_rlb_RLEG3_07685          1.7122558 1.8567818 0.6079285 1.9315627 1.5891003 1.6894099 1.3964979 1.7064947 2.1210134 1.7723970 1.7819787 1.7589843 2.2735393 1.7761577 1.6937425 1.6221742 1.7817694 1.6532159 1.9116823 1.9969910 1.8369397 1.6316227 1.7536246 1.5276876 1.8104354 1.5017193 1.7247275 1.7951007 0.0000000 1.6673551 1.9258908 1.5316008 1.7293718 1.9381617 1.5353040 1.7772952 1.6125431 1.8511495 1.9285390 1.6788777 1.6612286 1.7696498 1.9611372 1.9611372 1.6690881 1.7476681 1.6490822 1.9285390 
i4b_Rs_rso_RSp0749             0.9079381 1.5288456 1.7497918 1.4674792 0.3869533 1.2408380 1.1603934 0.3665046 1.7853361 1.4607559 1.3992179 1.5034377 1.9341240 1.4583703 1.2397070 0.3704725 1.4589641 1.2995317 1.5654405 1.4907129 1.5527290 0.8805332 1.4248515 1.1014019 1.3564526 1.1870392 1.1458898 1.4660085 1.6673551 0.0000000 1.7223920 1.1100386 1.5262442 1.4777797 1.3318219 1.3582320 1.1939970 1.3857580 1.7656979 1.3996598 1.3535697 1.3867701 1.5779778 1.5779778 1.3692782 1.3876308 1.3547419 1.7656979 
i3_Sm1_serf_L085_12875         1.6615057 2.0184222 1.9870069 1.8414984 1.6967814 1.4819552 1.2441856 1.8816154 1.3383832 1.8816268 1.5434782 1.5618543 1.4171888 1.8868828 1.4773626 1.7341208 1.8419824 1.7015346 2.0533661 2.0206954 1.9199824 1.6891848 1.9503623 1.3860384 2.0935354 1.6575951 1.7243490 1.5040810 1.9258908 1.7223920 0.0000000 1.4559057 1.6074996 1.9705053 1.7770020 1.8373300 1.4403290 1.6373361 0.6105870 1.7843391 1.7842714 1.6818026 1.9477750 1.9477750 1.8146378 1.6610062 1.7866854 0.6105870 
i3_Sm2_serf_L085_13710         1.2788792 1.6861522 1.6409796 1.5105446 1.1615913 0.6373409 0.8929144 1.0693478 1.6683388 1.5310249 0.9229746 0.9654444 1.7723422 1.5256219 0.6369657 1.1264654 1.4421400 1.4281221 1.7636980 1.7305964 1.5605274 1.0695943 1.5273439 0.5989554 1.6635947 1.3295214 1.2392688 0.9526521 1.5316008 1.1100386 1.4559057 0.0000000 0.9765162 1.6314654 1.3463781 1.4825568 0.6463408 1.0015472 1.5190058 1.5305455 1.5286793 1.0299151 1.6578436 1.6578436 1.5122017 1.0186068 1.5198261 1.5190058 
i3_Stm_setc_CFSAN001921_16040  1.3645552 1.6981395 1.7457367 1.6283092 1.4819574 0.9791048 0.6090497 1.5276520 1.7530868 1.7605659 0.6983419 0.7013208 1.8895805 1.7644379 0.9834812 1.5043324 1.7069232 1.5525139 1.9417123 1.9015569 1.6688352 1.4253435 1.6843883 1.0421183 1.8221011 1.5013773 1.6084376 0.6713887 1.7293718 1.5262442 1.6074996 0.9765162 0.0000000 1.8608147 1.5124813 1.7761153 1.0215756 0.8631827 1.5634968 1.6765863 1.7010994 0.8410633 1.8199672 1.8199672 1.6861644 0.8297229 1.6904198 1.5634968 
i1_Vc_vcm_VCM66_A0114          1.5247207 0.7784426 2.0550199 1.6983087 1.4393528 1.7378111 1.5102080 1.5993866 2.1329048 1.6493203 1.9638825 1.8709491 2.3008540 1.6460792 1.7435533 1.4379029 1.6708166 1.7899474 0.8143360 2.1537046 1.8004787 1.5515937 1.7239212 1.7439306 1.4536540 1.6470343 1.7918862 1.9360898 1.9381617 1.4777797 1.9705053 1.6314654 1.8608147 0.0000000 1.6566391 1.2544667 1.7707309 1.7749570 2.1028136 1.7847349 1.8229306 1.7954504 0.7199151 0.7199151 1.7900220 1.7746768 1.8118182 2.1028136 
i5_Vp1_vpa_VPA1028             1.3984969 1.6535448 1.5066075 1.6390154 1.2875368 1.4555388 1.2529378 1.3243037 1.9424096 1.7955534 1.5405506 1.6479605 2.0699169 1.7920462 1.4547524 1.2663152 1.6762573 1.5793216 1.8509549 1.7965453 1.7861257 1.3681518 1.7123291 1.2884385 1.7059991 1.5673078 1.4644821 1.6108548 1.5353040 1.3318219 1.7770020 1.3463781 1.5124813 1.6566391 0.0000000 1.4631324 1.3774624 1.5300102 1.7644201 1.7408324 1.7167458 1.5602882 1.7364594 1.7364594 1.6946039 1.5461948 1.7119956 1.7644201 
i1_Vp2_vpa_VP1392              1.3602620 1.2540209 1.8978496 1.5174314 1.2706314 1.5381978 1.4937252 1.3350741 2.0257715 1.2301439 2.0285885 1.8864401 2.1435213 1.2323071 1.5374775 1.2662684 1.4110573 1.5407442 1.3153889 1.8322067 1.4814869 1.3960034 1.4250810 1.5705844 1.2059862 1.5363288 1.5183102 1.8921889 1.7772952 1.3582320 1.8373300 1.4825568 1.7761153 1.2544667 1.4631324 0.0000000 1.5664970 1.7970571 2.0195076 1.4011341 1.3582110 1.8127187 1.2501026 1.2501026 1.3836145 1.8126692 1.3550461 2.0195076 
i3_Xc_xac_XAC4140              1.3985135 1.7156709 1.8235306 1.6261173 1.0975077 0.7582897 0.9636960 0.9720243 1.6071518 1.6826508 0.9932938 1.0339043 1.7195417 1.6820067 0.7563409 1.0805370 1.6637863 1.4975803 1.8521006 1.9056329 1.6529424 1.1271350 1.6305519 0.3729627 1.7217763 1.2646831 1.1566550 1.0500992 1.6125431 1.1939970 1.4403290 0.6463408 1.0215756 1.7707309 1.3774624 1.5664970 0.0000000 1.0381988 1.5204621 1.6092355 1.5568970 1.0621499 1.8783423 1.8783423 1.5966066 1.0481722 1.5595824 1.5204621 
i3_Ye_yet_CH48_3188            1.4654659 1.7563356 1.8591078 1.7407873 1.4147557 1.0552539 0.7997331 1.4155357 1.7522143 1.8240549 0.8799225 0.8695145 1.8653703 1.8290274 1.0613109 1.4040181 1.8344182 1.5169996 1.8135938 1.9095259 1.7765500 1.3001827 1.7689899 1.0408505 2.0003307 1.3781026 1.5958120 0.8342492 1.8511495 1.3857580 1.6373361 1.0015472 0.8631827 1.7749570 1.5300102 1.7970571 1.0381988 0.0000000 1.6863559 1.7475053 1.6709566 0.1411116 1.9527067 1.9527067 1.7462062 0.1354345 1.6786710 1.6863559 
i3_Yp1_ype_YPO0506_ype_YPO0506 1.6780569 2.1559255 1.9960893 1.9447971 1.7866537 1.4550991 1.3503923 1.9600969 1.2909159 2.0000229 1.6533664 1.6413077 1.3601626 1.9931870 1.4536332 1.7875661 2.0255121 1.7474875 2.3131428 2.0751827 2.0577880 1.7140517 2.0738425 1.5146825 2.3009207 1.7489685 1.8974349 1.5969011 1.9285390 1.7656979 0.6105870 1.5190058 1.5634968 2.1028136 1.7644201 2.0195076 1.5204621 1.6863559 0.0000000 1.9921540 1.9624636 1.6904590 2.2302156 2.2302156 2.0260164 1.6873963 2.0013122 0.0000010 
i2_Yp2_ype_YPO0971             1.4674254 1.6948314 1.9249865 0.8762145 1.4382546 1.5547816 1.3408502 1.4123959 1.9366841 1.5680518 1.7249587 1.7187183 2.0836334 1.5722853 1.5517593 1.3858696 0.4129605 1.5004153 1.6278208 1.9524848 0.4607683 1.3473026 0.4110747 1.5378977 1.5823477 1.4770098 1.6336890 1.6973335 1.6788777 1.3996598 1.7843391 1.5305455 1.6765863 1.7847349 1.7408324 1.4011341 1.6092355 1.7475053 1.9921540 0.0000000 0.0569612 1.7626353 1.6590277 1.6590277 0.0309777 1.7447770 0.0600416 1.9921540 
i2_Yp3_ype_YPO1471             1.4287509 1.6443852 1.8900004 0.8833096 1.4112686 1.4789441 1.2862168 1.3549092 1.9066421 1.5402395 1.6838590 1.6672242 2.0542223 1.5444111 1.4764323 1.3514774 0.4277698 1.4272219 1.6170017 1.8876894 0.4773621 1.3338971 0.4095922 1.5061174 1.5909029 1.4390686 1.6603832 1.6749632 1.6612286 1.3535697 1.7842714 1.5286793 1.7010994 1.8229306 1.7167458 1.3582110 1.5568970 1.6709566 1.9624636 0.0569612 0.0000000 1.6929210 1.6457341 1.6457341 0.0621706 1.6746081 0.0163218 1.9624636 
i3_Yp5_ype_YPO2946             1.4332437 1.7771886 1.7990054 1.7183635 1.3978801 1.0466365 0.8125245 1.4337797 1.7439588 1.8475051 0.8614794 0.8729917 1.8530676 1.8525448 1.0526782 1.4173027 1.8824648 1.5368282 1.8483420 1.9068539 1.8202368 1.3089550 1.8028380 1.0508790 2.0172999 1.3973143 1.6197477 0.8550789 1.7696498 1.3867701 1.6818026 1.0299151 0.8410633 1.7954504 1.5602882 1.8127187 1.0621499 0.1411116 1.6904590 1.7626353 1.6929210 0.0000000 2.0340123 2.0340123 1.7678430 0.0044837 1.7021300 1.6904590 
i1_Yp6_ype_YPO3599             1.6067219 0.4993600 2.0425791 1.7173710 1.5993480 1.8988134 1.5178972 1.6795335 2.2664530 1.6416892 1.9431915 1.8923872 2.4621783 1.6390136 1.9043105 1.5430353 1.7113993 1.7808954 0.4759944 2.0678627 1.8592010 1.5413462 1.7177841 1.7696326 1.4421625 1.6836912 1.9062114 2.0363123 1.9611372 1.5779778 1.9477750 1.6578436 1.8199672 0.7199151 1.7364594 1.2501026 1.8783423 1.9527067 2.2302156 1.6590277 1.6457341 2.0340123 0.0000000 0.0000010 1.6424233 2.0049909 1.6445001 2.2302156 
i1_Yps1_ypi_YpsIP31758_0322    1.6067219 0.4993600 2.0425791 1.7173710 1.5993480 1.8988134 1.5178972 1.6795335 2.2664530 1.6416892 1.9431915 1.8923872 2.4621783 1.6390136 1.9043105 1.5430353 1.7113993 1.7808954 0.4759944 2.0678627 1.8592010 1.5413462 1.7177841 1.7696326 1.4421625 1.6836912 1.9062114 2.0363123 1.9611372 1.5779778 1.9477750 1.6578436 1.8199672 0.7199151 1.7364594 1.2501026 1.8783423 1.9527067 2.2302156 1.6590277 1.6457341 2.0340123 0.0000010 0.0000000 1.6424233 2.0049909 1.6445001 2.2302156 
i2_Yps2_ypi_YpsIP31758_0732    1.4531077 1.6620419 1.9152600 0.8831711 1.4201541 1.5446032 1.3308375 1.3945366 1.9453332 1.5635934 1.7388412 1.7140427 2.0967174 1.5678185 1.5416442 1.3779662 0.4122218 1.5016211 1.6094222 1.9422729 0.4692172 1.3576164 0.4200126 1.5465584 1.5711741 1.4559183 1.6420000 1.7239382 1.6690881 1.3692782 1.8146378 1.5122017 1.6861644 1.7900220 1.6946039 1.3836145 1.5966066 1.7462062 2.0260164 0.0309777 0.0621706 1.7678430 1.6424233 1.6424233 0.0000000 1.7499462 0.0437313 2.0260164 
i3_Yps4_ypi_YpsIP31758_1362    1.4208405 1.7632765 1.7798225 1.7105606 1.3932922 1.0411702 0.7823571 1.4179378 1.7384506 1.8283637 0.8463315 0.8503445 1.8483907 1.8333708 1.0472448 1.4127101 1.8635295 1.5327289 1.8305608 1.8983519 1.7990780 1.2955633 1.8009384 1.0332465 2.0041456 1.3924180 1.5922761 0.8269975 1.7476681 1.3876308 1.6610062 1.0186068 0.8297229 1.7746768 1.5461948 1.8126692 1.0481722 0.1354345 1.6873963 1.7447770 1.6746081 0.0044837 2.0049909 2.0049909 1.7499462 0.0000000 1.6837199 1.6873963 
i2_Yps5_ypi_YpsIP31758_2505    1.4144754 1.6278701 1.8762244 0.8913084 1.4246370 1.4830795 1.2909423 1.3618318 1.8943108 1.5360936 1.6916962 1.6747252 2.0480257 1.5402642 1.4805375 1.3642471 0.4121424 1.4232615 1.6070162 1.9137615 0.4680214 1.3425440 0.4053257 1.5137446 1.5951483 1.4284003 1.6438013 1.6890280 1.6490822 1.3547419 1.7866854 1.5198261 1.6904198 1.8118182 1.7119956 1.3550461 1.5595824 1.6786710 2.0013122 0.0600416 0.0163218 1.7021300 1.6445001 1.6445001 0.0437313 1.6837199 0.0000000 2.0013122 
i3_Yps6_ypi_YpsIP31758_3430    1.6780569 2.1559255 1.9960893 1.9447971 1.7866537 1.4550991 1.3503923 1.9600969 1.2909159 2.0000229 1.6533664 1.6413077 1.3601626 1.9931870 1.4536332 1.7875661 2.0255121 1.7474875 2.3131428 2.0751827 2.0577880 1.7140517 2.0738425 1.5146825 2.3009207 1.7489685 1.8974349 1.5969011 1.9285390 1.7656979 0.6105870 1.5190058 1.5634968 2.1028136 1.7644201 2.0195076 1.5204621 1.6863559 0.0000010 1.9921540 1.9624636 1.6904590 2.2302156 2.2302156 2.0260164 1.6873963 2.0013122 0.0000000 
