51
i4b_Ab_abaz_P795_10885        0.0000000 2.4684016 2.5944320 2.7893529 1.8655939 2.9739426 2.7992183 3.1563104 2.5667868 2.7689816 2.7657998 3.1563104 2.5703300 2.9739426 1.8431687 2.3191546 2.4814522 2.1850109 2.4780075 2.7618500 2.2789110 2.5249226 2.8934609 2.6819916 2.2702376 2.3291597 2.7000159 2.6221235 2.8630311 2.6655407 2.6707656 2.6394934 1.8019929 2.8635654 2.5347309 2.4061933 2.3663988 2.0593506 2.3304829 2.3218418 2.4082921 2.5082835 3.1119669 2.7782838 2.7062586 2.3770369 2.3637829 2.7985994 2.7062586 2.8168794 3.1270058 
i1_Ah_ahj_V469_13150          2.4684016 0.0000000 2.7941785 2.1684309 2.4024373 2.5879523 2.4764698 3.2041408 2.4714756 2.3882276 2.4268917 3.2041408 2.4537786 2.5879523 2.4191552 2.5132634 1.9761942 0.8813278 2.5777124 2.1680113 2.1987213 2.0460908 2.1772307 2.2015083 2.2643574 1.5303814 2.5005862 1.2493237 2.7233830 2.2985750 2.3414494 2.7367688 2.3762479 2.8974696 2.3034229 2.4018519 1.1107368 2.2630713 1.6056927 2.2130465 2.3231715 2.4775624 2.7944326 2.1762102 2.7078217 0.6849326 0.6713124 2.1737476 2.7019027 2.2134747 2.7650926 
i5_At_atf_Ach5_45030          2.5944320 2.7941785 0.0000000 3.2851154 2.4382091 3.1245339 2.7909154 3.2218786 2.7533268 2.7991075 2.6979390 3.2218786 2.7304743 3.1245339 2.5416228 2.2901225 3.6614149 2.6888084 2.7728175 3.5314657 2.3153791 3.6900499 3.4381488 3.6138224 2.5366541 2.9393160 2.9126929 2.9417537 2.9625636 2.7711375 2.7279827 0.6797689 2.4837681 3.0314945 2.8811494 2.5528442 2.7892676 2.6773935 3.0901598 2.6564228 2.6472857 2.9639788 2.9402313 3.6721510 3.0704009 2.9120744 2.8323188 3.6032817 3.0704009 3.7097751 2.9422203 
i2_Bc1_bceo_I35_4167          2.7893529 2.1684309 3.2851154 0.0000000 2.4092439 2.5631108 2.7374105 3.4020368 2.8962898 2.4991086 2.6851641 3.4020368 2.8669077 2.5631108 2.4515465 2.4324571 2.6276938 2.1708688 2.3050452 1.7883907 2.6779341 2.8921030 1.7814206 1.7939855 2.3314808 2.2523511 2.4343045 2.3001444 2.4357425 2.2424548 2.3272254 3.0165681 2.6345014 3.1179560 2.7144840 2.6060122 2.1690315 2.4401433 2.4185073 2.4488946 2.4935505 2.7843187 3.3451543 1.6880929 2.7914534 2.3649879 2.3178599 1.7362572 2.7914534 1.7091977 3.3754386 
i4b_Bc2_bceo_I35_0337         1.8655939 2.4024373 2.4382091 2.4092439 0.0000000 2.5250517 2.2599169 2.6572636 1.9665820 2.5548119 2.2309896 2.6572636 1.9768794 2.5250517 0.2523289 2.3819429 3.0435835 2.4277673 2.0404967 3.0147675 1.8547620 2.8601441 3.0719198 3.2992636 2.1380206 2.2407684 2.5584300 2.5053061 2.5488051 2.2878984 2.1362992 2.1350664 0.7228202 2.6133275 2.3828979 2.3339169 2.4196859 2.3989184 2.3333319 2.1431623 2.1880683 2.5405843 2.8307599 3.3738422 2.6753776 2.4712710 2.3888489 3.3076229 2.6753776 3.4192472 2.8548648 
i3_Bm1_bmal_DM55_3340         2.9739426 2.5879523 3.1245339 2.5631108 2.5250517 0.0000000 1.3881752 2.2894086 2.9978541 1.4615254 1.3446158 2.2894086 2.9655238 0.0000010 2.5274542 2.6714224 2.7470463 2.6707557 2.6915927 2.8950617 1.7828834 2.6901212 3.2520288 2.7598341 1.3633941 2.4009538 2.7245513 2.5800154 2.3333458 1.5187276 1.3569765 3.0163987 2.7087580 2.2892812 1.1102732 1.4761418 2.4444073 2.3196365 2.5482733 1.6407365 1.6959763 1.5060567 2.3913697 3.1678501 1.6217760 2.7152439 2.6524620 3.1713855 1.6217760 3.1972584 2.3699629 
i3_Bm2_bmal_DM55_3884         2.7992183 2.4764698 2.7909154 2.7374105 2.2599169 1.3881752 0.0000000 2.2927119 2.7278974 0.8451229 0.0093094 2.2927119 2.7362242 1.3881752 2.2214453 2.5576881 3.0403970 2.5741077 2.6492737 3.0869504 2.1924326 2.9939985 3.1389226 2.9269542 1.3558422 2.6198346 2.7282715 2.5585838 2.5735552 0.5041050 0.5842580 2.6800636 2.3323144 2.0219845 1.4434662 0.8471892 2.6564139 2.4812489 2.3891707 1.8525270 1.8708052 1.1467086 2.1482053 3.1647693 1.1468378 2.4042151 2.3459747 3.1545804 1.1462382 3.1587439 2.1667020 
i3_Bm4_bmal_DM55_4026         3.1563104 3.2041408 3.2218786 3.4020368 2.6572636 2.2894086 2.2927119 0.0000000 2.8752962 2.3145328 2.2679442 0.0000010 2.8593210 2.2894086 2.6191899 2.9185430 3.5660145 3.3875046 2.8536772 3.4499768 2.8739960 3.2806540 3.6273226 3.4751175 2.2140850 3.1517222 2.6604732 4.0094598 2.8960581 2.2531001 2.3485027 2.9369097 2.5973022 1.4694958 2.1445563 2.2176911 3.7118741 2.4438764 3.5386088 2.3365022 2.3350675 2.7211788 1.5232120 3.4753298 2.7255361 3.3006340 3.2838154 3.4587386 2.7255361 3.5144337 1.5353105 
i1_Bm5_bmal_DM55_4703         2.5667868 2.4714756 2.7533268 2.8962898 1.9665820 2.9978541 2.7278974 2.8752962 0.0000000 2.9181025 2.6996184 2.8752962 0.0065237 2.9978541 2.0766010 2.4594901 2.9097750 2.6671126 2.3874070 3.3358051 2.3706369 3.1746839 2.9975802 3.1022428 2.4644562 2.1217543 2.6816933 2.4269323 2.3052201 2.8270565 2.9581814 2.3938507 2.0483906 2.9603878 2.9091679 2.8549246 2.5830372 2.7779394 2.6233387 2.1194508 2.0924837 3.3725529 3.3986303 3.0544893 3.4458151 2.6023746 2.5889748 3.1432862 3.4458151 3.0954807 3.4290764 
i3_Bps1_bps_BPSS0111          2.7689816 2.3882276 2.7991075 2.4991086 2.5548119 1.4615254 0.8451229 2.3145328 2.9181025 0.0000000 0.8113227 2.3145328 2.9270156 1.4615254 2.6144290 2.7771955 2.9085019 2.5565996 2.5055984 3.1016681 2.4072750 2.8684295 3.3298981 2.8364900 1.4846102 2.5486689 2.4427557 2.9468580 2.7869453 0.9056395 0.9034018 2.7238636 2.5230948 2.1209351 1.4504897 0.8115710 2.6121482 2.2192455 2.4569641 1.8890894 1.8711376 0.9309138 2.1938316 3.0079347 0.9543246 2.2452559 2.2177793 2.9804626 0.9539908 3.0380434 2.1887098 
i3_Bps2_bps_BPSS0179          2.7657998 2.4268917 2.6979390 2.6851641 2.2309896 1.3446158 0.0093094 2.2679442 2.6996184 0.8113227 0.0000000 2.2679442 2.7078793 1.3446158 2.1948542 2.4920955 3.0059164 2.5346166 2.6530664 3.0348885 2.1276167 2.9713483 3.0981630 2.8915680 1.3190621 2.5189024 2.6738107 2.5243274 2.4641712 0.4875382 0.5707553 2.6624871 2.3051217 1.9592465 1.4068677 0.8454722 2.6376607 2.4517981 2.3500564 1.8594179 1.8779547 1.1140128 2.1364965 3.1142668 1.1113424 2.3184625 2.3175206 3.1046152 1.1107509 3.1083367 2.1550896 
i3_Bps3_bps_BPSS0521          3.1563104 3.2041408 3.2218786 3.4020368 2.6572636 2.2894086 2.2927119 0.0000010 2.8752962 2.3145328 2.2679442 0.0000000 2.8593210 2.2894086 2.6191899 2.9185430 3.5660145 3.3875046 2.8536772 3.4499768 2.8739960 3.2806540 3.6273226 3.4751175 2.2140850 3.1517222 2.6604732 4.0094598 2.8960581 2.2531001 2.3485027 2.9369097 2.5973022 1.4694958 2.1445563 2.2176911 3.7118741 2.4438764 3.5386088 2.3365022 2.3350675 2.7211788 1.5232120 3.4753298 2.7255361 3.3006340 3.2838154 3.4587386 2.7255361 3.5144337 1.5353105 
i1_Bps4_bps_BPSS1501          2.5703300 2.4537786 2.7304743 2.8669077 1.9768794 2.9655238 2.7362242 2.8593210 0.0065237 2.9270156 2.7078793 2.8593210 0.0000000 2.9655238 2.0874336 2.4761015 2.8446883 2.6743176 2.4035041 3.3728028 2.3598726 3.0971228 3.0024355 3.0942483 2.4791071 2.1285043 2.6961440 2.4330259 2.3187963 2.8356546 2.9592106 2.4125877 2.0592765 2.9721147 2.8788863 2.8558041 2.5879310 2.7960277 2.6369557 2.1284331 2.1013812 3.3798721 3.4521567 3.0610186 3.4527621 2.5765094 2.5631056 3.1501136 3.4527621 3.1021688 3.4831215 
i3_Bps5_bps_BPSS2095          2.9739426 2.5879523 3.1245339 2.5631108 2.5250517 0.0000010 1.3881752 2.2894086 2.9978541 1.4615254 1.3446158 2.2894086 2.9655238 0.0000000 2.5274542 2.6714224 2.7470463 2.6707557 2.6915927 2.8950617 1.7828834 2.6901212 3.2520288 2.7598341 1.3633941 2.4009538 2.7245513 2.5800154 2.3333458 1.5187276 1.3569765 3.0163987 2.7087580 2.2892812 1.1102732 1.4761418 2.4444073 2.3196365 2.5482733 1.6407365 1.6959763 1.5060567 2.3913697 3.1678501 1.6217760 2.7152439 2.6524620 3.1713855 1.6217760 3.1972584 2.3699629 
i4b_Bps6_bps_BPSL3102         1.8431687 2.4191552 2.5416228 2.4515465 0.2523289 2.5274542 2.2214453 2.6191899 2.0766010 2.6144290 2.1948542 2.6191899 2.0874336 2.5274542 0.0000000 2.5491210 3.1286251 2.5423177 2.1869517 2.8754143 1.8499340 2.7613156 3.0392761 3.2102898 2.1486566 2.2156508 2.5297461 2.4047461 2.5675987 2.2656597 2.2048099 2.2518222 0.7201409 2.6088083 2.2861048 2.3511673 2.5273769 2.4948548 2.4026998 2.2062499 2.2812518 2.4821856 2.9057107 3.4977363 2.6869555 2.5819761 2.4849066 3.3653331 2.6869555 3.5455559 2.9306945 
i4a_Cf2_cfd_CFNIH1_08910      2.3191546 2.5132634 2.2901225 2.4324571 2.3819429 2.6714224 2.5576881 2.9185430 2.4594901 2.7771955 2.4920955 2.9185430 2.4761015 2.6714224 2.5491210 0.0000000 3.2558504 2.3773996 2.6942852 2.8369927 2.2513286 3.1058589 2.8881230 2.6351603 2.3272422 2.6066031 1.6364955 2.5605110 2.2175600 2.4629058 2.4659127 2.4238314 2.2328905 2.8727575 2.8632000 2.6332161 2.4963386 2.1743074 2.9308226 2.4670099 2.4356013 2.7602386 3.1550502 2.8656870 2.7968029 2.6108809 2.5997660 2.7875006 2.7968029 2.9119496 3.1596953 
i1_Cj_cjl_PJ17_05135          2.4814522 1.9761942 3.6614149 2.6276938 3.0435835 2.7470463 3.0403970 3.5660145 2.9097750 2.9085019 3.0059164 3.5660145 2.8446883 2.7470463 3.1286251 3.2558504 0.0000000 2.1778996 2.6491298 2.9366957 2.5531778 0.8324054 2.9148993 2.9837551 3.1128799 2.1631489 3.1825589 2.2975930 3.7255437 2.8575906 3.0144339 4.0994242 2.8774625 3.1203862 2.5903151 2.9044035 2.0743228 2.7616690 2.4679074 2.9537632 2.9353025 2.8869587 3.6416433 2.8253844 3.1456198 1.8463071 1.8463071 2.7774653 3.1456198 2.8712824 3.6174570 
i1_EAEC1_eck_EC55989_0228     2.1850109 0.8813278 2.6888084 2.1708688 2.4277673 2.6707557 2.5741077 3.3875046 2.6671126 2.5565996 2.5346166 3.3875046 2.6743176 2.6707557 2.5423177 2.3773996 2.1778996 0.0000000 2.3704125 2.2030172 2.0853187 2.4003568 2.2520366 2.2487702 2.3268842 1.5938013 2.5379731 1.4297351 2.3982868 2.4215266 2.3657235 2.5093954 2.4908700 2.9972333 2.4981071 2.3520203 1.1718073 2.4594169 1.5736342 2.3981023 2.4352379 2.4411069 2.9459286 2.2280334 2.5625210 0.6590966 0.6323708 2.2414230 2.5568428 2.2661690 2.9146385 
i4b_EAEC2_eck_EC55989_3293    2.4780075 2.5777124 2.7728175 2.3050452 2.0404967 2.6915927 2.6492737 2.8536772 2.3874070 2.5055984 2.6530664 2.8536772 2.4035041 2.6915927 2.1869517 2.6942852 2.6491298 2.3704125 0.0000000 2.8693004 2.0093494 2.9731157 2.5799137 2.7218471 2.5210848 2.5906731 2.4028580 2.8347576 2.6044538 2.6131948 2.4523936 2.5654088 2.2649339 3.1488982 2.6160761 2.5915702 2.5333182 1.8783354 2.4733590 2.3299959 2.3302206 2.5934105 2.9455641 2.7053816 2.5485992 2.6807578 2.5972226 2.6095054 2.5476359 2.7504819 2.9710117 
i2_EAEC3_eck_EC55989_3321     2.7618500 2.1680113 3.5314657 1.7883907 3.0147675 2.8950617 3.0869504 3.4499768 3.3358051 3.1016681 3.0348885 3.4499768 3.3728028 2.8950617 2.8754143 2.8369927 2.9366957 2.2030172 2.8693004 0.0000000 2.5092726 2.8974298 1.1056480 0.4947369 3.2371184 2.5875897 2.6051818 2.5280588 2.7007638 2.9355284 2.5258858 3.6320991 2.9951070 3.2929237 3.2009759 2.9161444 2.3767756 2.4329993 2.7232253 2.7316972 2.8829826 3.0980320 3.0617492 0.9991326 3.1297580 2.3538974 2.3357730 1.0068608 3.1297580 1.0114847 3.0897569 
i4b_Et_etr_ETAE_2435          2.2789110 2.1987213 2.3153791 2.6779341 1.8547620 1.7828834 2.1924326 2.8739960 2.3706369 2.4072750 2.1276167 2.8739960 2.3598726 1.7828834 1.8499340 2.2513286 2.5531778 2.0853187 2.0093494 2.5092726 0.0000000 2.8431753 2.6887764 2.4562459 1.7324190 2.0764768 2.6700096 2.3654641 1.9638776 2.2296154 2.2269186 2.2519886 1.7414769 2.5632717 1.9856526 2.0903537 2.0692653 2.1659427 2.4017504 1.7708161 1.8496534 2.2176537 2.3856734 2.5295765 2.2111078 2.1950477 2.1758006 2.4992400 2.2098933 2.5524143 2.4068626 
i1_Hh_hhe_HH_0244             2.5249226 2.0460908 3.6900499 2.8921030 2.8601441 2.6901212 2.9939985 3.2806540 3.1746839 2.8684295 2.9713483 3.2806540 3.0971228 2.6901212 2.7613156 3.1058589 0.8324054 2.4003568 2.9731157 2.8974298 2.8431753 0.0000000 3.0570855 2.9479857 2.8119453 2.5059180 3.3580139 2.3674876 3.7645486 3.0682931 3.0107860 3.7532891 2.8810734 3.1097511 2.4988116 3.1194628 2.1082543 2.8288417 2.4925392 2.7599346 2.7207059 2.8567327 2.9182788 3.1554564 3.1093280 2.0841762 2.0841762 3.0559150 3.1075059 3.2020737 2.9012840 
i2_Kp1_kpu_KP1_2420           2.8934609 2.1772307 3.4381488 1.7814206 3.0719198 3.2520288 3.1389226 3.6273226 2.9975802 3.3298981 3.0981630 3.6273226 3.0024355 3.2520288 3.0392761 2.8881230 2.9148993 2.2520366 2.5799137 1.1056480 2.6887764 3.0570855 0.0000000 1.1626761 2.7866372 2.7392861 2.9198425 2.7552385 2.7110927 3.0052264 2.8685320 3.3867852 2.9054113 3.3120152 3.3133981 3.2845957 2.1804143 2.7683158 2.6808026 2.8044751 2.8865342 3.2777789 3.5538031 0.6078845 3.4197585 2.2637090 2.2477456 0.6094774 3.4197585 0.6198793 3.5867520 
i2_Kp2_kpu_KP1_3368           2.6819916 2.2015083 3.6138224 1.7939855 3.2992636 2.7598341 2.9269542 3.4751175 3.1022428 2.8364900 2.8915680 3.4751175 3.0942483 2.7598341 3.2102898 2.6351603 2.9837551 2.2487702 2.7218471 0.4947369 2.4562459 2.9479857 1.1626761 0.0000000 2.8611829 2.6355814 2.6949804 2.5943477 2.7190221 2.8303315 2.7952462 3.4836169 3.0275858 3.1940175 3.0868200 3.1107935 2.3532912 2.1760332 2.5844149 2.7237627 2.8863666 3.2921657 3.1801449 1.0330415 3.2064423 2.3159474 2.3159474 1.0599909 3.2064423 1.0514050 3.2091992 
i3_Pa1_paei_N296_95           2.2702376 2.2643574 2.5366541 2.3314808 2.1380206 1.3633941 1.3558422 2.2140850 2.4644562 1.4846102 1.3190621 2.2140850 2.4791071 1.3633941 2.1486566 2.3272422 3.1128799 2.3268842 2.5210848 3.2371184 1.7324190 2.8119453 2.7866372 2.8611829 0.0000000 2.0724278 2.0479407 2.4390882 2.0792782 1.3436042 1.4154204 2.4184562 2.0562200 1.9972482 1.3631242 1.6008489 2.2449699 2.2379338 2.3350099 1.1900014 1.2351506 1.7898712 1.9929754 2.9245731 1.8144761 2.3473623 2.2869273 2.9977919 1.8153650 2.9388347 2.0066889 
i1_Pa2_paei_N296_1707         2.3291597 1.5303814 2.9393160 2.2523511 2.2407684 2.4009538 2.6198346 3.1517222 2.1217543 2.5486689 2.5189024 3.1517222 2.1285043 2.4009538 2.2156508 2.6066031 2.1631489 1.5938013 2.5906731 2.5875897 2.0764768 2.5059180 2.7392861 2.6355814 2.0724278 0.0000000 2.6965382 1.9187575 2.4289717 2.6118694 2.5197020 2.5621550 2.2432158 3.6325073 2.6137040 2.5709656 1.4542623 2.3638351 1.4969784 2.1245793 2.1694016 2.8809076 3.5359288 2.5393152 2.9361050 1.6711104 1.6277054 2.5612749 2.9257245 2.5660405 3.4960948 
i4b_Pa3_paei_N296_2444        2.7000159 2.5005862 2.9126929 2.4343045 2.5584300 2.7245513 2.7282715 2.6604732 2.6816933 2.4427557 2.6738107 2.6604732 2.6961440 2.7245513 2.5297461 1.6364955 3.1825589 2.5379731 2.4028580 2.6051818 2.6700096 3.3580139 2.9198425 2.6949804 2.0479407 2.6965382 0.0000000 2.8958793 1.7006542 2.5683773 2.5914330 2.7648842 2.6531979 2.7030318 2.7336275 2.8864517 2.5745765 2.3595449 2.8813316 2.0303899 2.0009639 2.9616122 2.8432735 2.6100485 2.9282651 2.7047175 2.6568642 2.6723550 2.9270995 2.6463077 2.8640653 
i1_Pf_pfn_HZ99_05045          2.6221235 1.2493237 2.9417537 2.3001444 2.5053061 2.5800154 2.5585838 4.0094598 2.4269323 2.9468580 2.5243274 4.0094598 2.4330259 2.5800154 2.4047461 2.5605110 2.2975930 1.4297351 2.8347576 2.5280588 2.3654641 2.3674876 2.7552385 2.5943477 2.4390882 1.9187575 2.8958793 0.0000000 2.9189303 2.5435348 2.3668549 2.9712356 2.6728141 3.5745045 2.8825078 2.4598469 1.1919091 2.4140657 1.8955271 2.2895932 2.3373078 2.7253730 3.2581621 2.6332835 2.8836895 1.4115660 1.3826146 2.6315294 2.8871587 2.6692480 3.2232218 
i4a_Pp1_bph_Bphy_5983         2.8630311 2.7233830 2.9625636 2.4357425 2.5488051 2.3333458 2.5735552 2.8960581 2.3052201 2.7869453 2.4641712 2.8960581 2.3187963 2.3333458 2.5675987 2.2175600 3.7255437 2.3982868 2.6044538 2.7007638 1.9638776 3.7645486 2.7110927 2.7190221 2.0792782 2.4289717 1.7006542 2.9189303 0.0000000 2.5232792 2.4468600 2.7376507 2.6253525 2.9288053 2.5740531 2.7414764 2.4842860 2.0999743 2.9716292 2.1242699 2.1841044 2.8619456 3.1688617 2.6872093 2.8956954 2.5695034 2.5384089 2.7795731 2.8956954 2.7110283 3.1924112 
i3_Pp2_bph_Bphy_6120          2.6655407 2.2985750 2.7711375 2.2424548 2.2878984 1.5187276 0.5041050 2.2531001 2.8270565 0.9056395 0.4875382 2.2531001 2.8356546 1.5187276 2.2656597 2.4629058 2.8575906 2.4215266 2.6131948 2.9355284 2.2296154 3.0682931 3.0052264 2.8303315 1.3436042 2.6118694 2.5683773 2.5435348 2.5232792 0.0000000 0.4465954 2.5307276 2.4105878 1.9574755 1.4264766 0.8654227 2.5202754 2.3942047 2.2477728 1.7962582 1.8030127 1.2782587 2.1704971 3.1220025 1.2627390 2.2957787 2.2483777 3.0808642 1.2601852 3.1561889 2.1713675 
i3_Pp3_bph_Bphy_7015          2.6707656 2.3414494 2.7279827 2.3272254 2.1362992 1.3569765 0.5842580 2.3485027 2.9581814 0.9034018 0.5707553 2.3485027 2.9592106 1.3569765 2.2048099 2.4659127 3.0144339 2.3657235 2.4523936 2.5258858 2.2269186 3.0107860 2.8685320 2.7952462 1.4154204 2.5197020 2.5914330 2.3668549 2.4468600 0.4465954 0.0000000 2.4895964 2.2928222 2.0087370 1.5162338 0.8297483 2.3591156 2.3449964 2.3251175 1.6709735 1.6440865 1.1747657 2.2113178 3.0290243 1.1396895 2.1426571 2.1157865 2.9762560 1.1307431 3.0626132 2.2264518 
i5_Rl_rlb_RLEG3_07645         2.6394934 2.7367688 0.6797689 3.0165681 2.1350664 3.0163987 2.6800636 2.9369097 2.3938507 2.7238636 2.6624871 2.9369097 2.4125877 3.0163987 2.2518222 2.4238314 4.0994242 2.5093954 2.5654088 3.6320991 2.2519886 3.7532891 3.3867852 3.4836169 2.4184562 2.5621550 2.7648842 2.9712356 2.7376507 2.5307276 2.4895964 0.0000000 2.1988173 3.1315028 2.8728169 2.5072297 2.8475827 2.5735828 2.9638728 2.3052233 2.2736752 3.0403836 2.9209681 3.6954550 3.1721903 3.0631585 2.9712706 3.6767601 3.1721903 3.7428679 2.9229403 
unk_Rs-TssF_rso_RSp0748       1.8019929 2.3762479 2.4837681 2.6345014 0.7228202 2.7087580 2.3323144 2.5973022 2.0483906 2.5230948 2.3051217 2.5973022 2.0592765 2.7087580 0.7201409 2.2328905 2.8774625 2.4908700 2.2649339 2.9951070 1.7414769 2.8810734 2.9054113 3.0275858 2.0562200 2.2432158 2.6531979 2.6728141 2.6253525 2.4105878 2.2928222 2.1988173 0.0000000 2.5076589 2.1295907 2.5536620 2.5204469 2.3358061 2.5495785 2.0826464 2.1827239 2.7532777 2.6230397 3.1795830 2.8361872 2.4517542 2.3578424 3.1835412 2.8361872 3.2290570 2.6452419 
i3_Sm1_serf_L085_12870        2.8635654 2.8974696 3.0314945 3.1179560 2.6133275 2.2892812 2.0219845 1.4694958 2.9603878 2.1209351 1.9592465 1.4694958 2.9721147 2.2892812 2.6088083 2.8727575 3.1203862 2.9972333 3.1488982 3.2929237 2.5632717 3.1097511 3.3120152 3.1940175 1.9972482 3.6325073 2.7030318 3.5745045 2.9288053 1.9574755 2.0087370 3.1315028 2.5076589 0.0000000 2.0360304 2.2471539 2.8447292 2.6861352 2.9867635 2.1699594 2.1211015 2.3837860 0.7741814 3.5836877 2.4605075 2.8906132 2.8094797 3.6059775 2.4605075 3.6318785 0.7670976 
i3_Sm2_serf_L085_13715        2.5347309 2.3034229 2.8811494 2.7144840 2.3828979 1.1102732 1.4434662 2.1445563 2.9091679 1.4504897 1.4068677 2.1445563 2.8788863 1.1102732 2.2861048 2.8632000 2.5903151 2.4981071 2.6160761 3.2009759 1.9856526 2.4988116 3.3133981 3.0868200 1.3631242 2.6137040 2.7336275 2.8825078 2.5740531 1.4264766 1.5162338 2.8728169 2.1295907 2.0360304 0.0000000 1.4527546 2.6052375 2.3255116 2.8010416 1.5538755 1.6270580 1.5154162 1.9926870 3.1021221 1.4760429 2.4495717 2.4401990 3.0767747 1.4760429 3.1313557 1.9756653 
i3_Stm_setc_CFSAN001921_16065 2.4061933 2.4018519 2.5528442 2.6060122 2.3339169 1.4761418 0.8471892 2.2176911 2.8549246 0.8115710 0.8454722 2.2176911 2.8558041 1.4761418 2.3511673 2.6332161 2.9044035 2.3520203 2.5915702 2.9161444 2.0903537 3.1194628 3.2845957 3.1107935 1.6008489 2.5709656 2.8864517 2.4598469 2.7414764 0.8654227 0.8297483 2.5072297 2.5536620 2.2471539 1.4527546 0.0000000 2.6159710 2.4119008 2.5996035 1.9064529 1.9245744 1.0678750 2.2351755 3.1245612 1.1064917 2.0840589 2.0840589 3.1847936 1.1060953 3.1682316 2.2509330 
i1_Vc_vcm_VCM66_A0109         2.3663988 1.1107368 2.7892676 2.1690315 2.4196859 2.4444073 2.6564139 3.7118741 2.5830372 2.6121482 2.6376607 3.7118741 2.5879310 2.4444073 2.5273769 2.4963386 2.0743228 1.1718073 2.5333182 2.3767756 2.0692653 2.1082543 2.1804143 2.3532912 2.2449699 1.4542623 2.5745765 1.1919091 2.4842860 2.5202754 2.3591156 2.8475827 2.5204469 2.8447292 2.6052375 2.6159710 0.0000000 2.3376565 1.6130511 2.2215976 2.2785557 2.4682260 3.0812011 2.0243410 2.7593652 1.1674776 1.1408041 2.0231240 2.7727775 2.0619058 3.0476571 
i5_Vp1_vpa_VPA1029            2.0593506 2.2630713 2.6773935 2.4401433 2.3989184 2.3196365 2.4812489 2.4438764 2.7779394 2.2192455 2.4517981 2.4438764 2.7960277 2.3196365 2.4948548 2.1743074 2.7616690 2.4594169 1.8783354 2.4329993 2.1659427 2.8288417 2.7683158 2.1760332 2.2379338 2.3638351 2.3595449 2.4140657 2.0999743 2.3942047 2.3449964 2.5735828 2.3358061 2.6861352 2.3255116 2.4119008 2.3376565 0.0000000 2.5461872 1.8396181 1.9109228 2.2702674 2.5278071 2.6474989 2.4030712 2.1860771 2.2048050 2.5727783 2.3787773 2.6896097 2.5292160 
i1_Vp2_vpa_VP1406             2.3304829 1.6056927 3.0901598 2.4185073 2.3333319 2.5482733 2.3891707 3.5386088 2.6233387 2.4569641 2.3500564 3.5386088 2.6369557 2.5482733 2.4026998 2.9308226 2.4679074 1.5736342 2.4733590 2.7232253 2.4017504 2.4925392 2.6808026 2.5844149 2.3350099 1.4969784 2.8813316 1.8955271 2.9716292 2.2477728 2.3251175 2.9638728 2.5495785 2.9867635 2.8010416 2.5996035 1.6130511 2.5461872 0.0000000 2.4752587 2.4719562 2.7607267 3.0604946 2.7472868 2.6731288 1.6329050 1.6026438 2.7377989 2.6731288 2.8016452 3.0876223 
i3_Xc_xac_XAC4141             2.3218418 2.2130465 2.6564228 2.4488946 2.1431623 1.6407365 1.8525270 2.3365022 2.1194508 1.8890894 1.8594179 2.3365022 2.1284331 1.6407365 2.2062499 2.4670099 2.9537632 2.3981023 2.3299959 2.7316972 1.7708161 2.7599346 2.8044751 2.7237627 1.1900014 2.1245793 2.0303899 2.2895932 2.1242699 1.7962582 1.6709735 2.3052233 2.0826464 2.1699594 1.5538755 1.9064529 2.2215976 1.8396181 2.4752587 0.0000000 0.0675944 1.8503019 2.4078165 2.7211752 1.9320246 2.6096065 2.5474279 2.7395124 1.9291174 2.7558338 2.3842263 
i3_Xp_xph_XppCFBP6546_13710   2.4082921 2.3231715 2.6472857 2.4935505 2.1880683 1.6959763 1.8708052 2.3350675 2.0924837 1.8711376 1.8779547 2.3350675 2.1013812 1.6959763 2.2812518 2.4356013 2.9353025 2.4352379 2.3302206 2.8829826 1.8496534 2.7207059 2.8865342 2.8863666 1.2351506 2.1694016 2.0009639 2.3373078 2.1841044 1.8030127 1.6440865 2.2736752 2.1827239 2.1211015 1.6270580 1.9245744 2.2785557 1.9109228 2.4719562 0.0675944 0.0000000 1.8612869 2.4116585 2.8719774 1.9297220 2.5813584 2.5200394 2.8936485 1.9268165 2.9088836 2.3881143 
i3_Ye_yet_CH48_3186           2.5082835 2.4775624 2.9639788 2.7843187 2.5405843 1.5060567 1.1467086 2.7211788 3.3725529 0.9309138 1.1140128 2.7211788 3.3798721 1.5060567 2.4821856 2.7602386 2.8869587 2.4411069 2.5934105 3.0980320 2.2176537 2.8567327 3.2777789 3.2921657 1.7898712 2.8809076 2.9616122 2.7253730 2.8619456 1.2782587 1.1747657 3.0403836 2.7532777 2.3837860 1.5154162 1.0678750 2.4682260 2.2702674 2.7607267 1.8503019 1.8612869 0.0000000 2.4076647 3.3088401 0.2075657 2.4872707 2.4417313 3.2298741 0.2038054 3.3634308 2.3834479 
i3_Yp1_ype_YPO0505            3.1119669 2.7944326 2.9402313 3.3451543 2.8307599 2.3913697 2.1482053 1.5232120 3.3986303 2.1938316 2.1364965 1.5232120 3.4521567 2.3913697 2.9057107 3.1550502 3.6416433 2.9459286 2.9455641 3.0617492 2.3856734 2.9182788 3.5538031 3.1801449 1.9929754 3.5359288 2.8432735 3.2581621 3.1688617 2.1704971 2.2113178 2.9209681 2.6230397 0.7741814 1.9926870 2.2351755 3.0812011 2.5278071 3.0604946 2.4078165 2.4116585 2.4076647 0.0000000 3.6865906 2.4470578 2.9258156 2.8912950 3.8082570 2.4470578 3.7301104 0.0031597 
i2_Yp3_ype_YPO1486            2.7782838 2.1762102 3.6721510 1.6880929 3.3738422 3.1678501 3.1647693 3.4753298 3.0544893 3.0079347 3.1142668 3.4753298 3.0610186 3.1678501 3.4977363 2.8656870 2.8253844 2.2280334 2.7053816 0.9991326 2.5295765 3.1554564 0.6078845 1.0330415 2.9245731 2.5393152 2.6100485 2.6332835 2.6872093 3.1220025 3.0290243 3.6954550 3.1795830 3.5836877 3.1021221 3.1245612 2.0243410 2.6474989 2.7472868 2.7211752 2.8719774 3.3088401 3.6865906 0.0000000 3.5205001 2.1258079 2.1132517 0.0874502 3.5205001 0.0057177 3.6451368 
i3_Yp5_ype_YPO2948            2.7062586 2.7078217 3.0704009 2.7914534 2.6753776 1.6217760 1.1468378 2.7255361 3.4458151 0.9543246 1.1113424 2.7255361 3.4527621 1.6217760 2.6869555 2.7968029 3.1456198 2.5625210 2.5485992 3.1297580 2.2111078 3.1093280 3.4197585 3.2064423 1.8144761 2.9361050 2.9282651 2.8836895 2.8956954 1.2627390 1.1396895 3.1721903 2.8361872 2.4605075 1.4760429 1.1064917 2.7593652 2.4030712 2.6731288 1.9320246 1.9297220 0.2075657 2.4470578 3.5205001 0.0000000 2.6234276 2.6147680 3.4480925 0.0028750 3.5794900 2.4688107 
i1_Yp6_ype_YPO3594            2.3770369 0.6849326 2.9120744 2.3649879 2.4712710 2.7152439 2.4042151 3.3006340 2.6023746 2.2452559 2.3184625 3.3006340 2.5765094 2.7152439 2.5819761 2.6108809 1.8463071 0.6590966 2.6807578 2.3538974 2.1950477 2.0841762 2.2637090 2.3159474 2.3473623 1.6711104 2.7047175 1.4115660 2.5695034 2.2957787 2.1426571 3.0631585 2.4517542 2.8906132 2.4495717 2.0840589 1.1674776 2.1860771 1.6329050 2.6096065 2.5813584 2.4872707 2.9258156 2.1258079 2.6234276 0.0000000 0.0000010 2.0906311 2.6231488 2.1653077 2.8947468 
i1_Yps1_ypi_YpsIP31758_0317   2.3637829 0.6713124 2.8323188 2.3178599 2.3888489 2.6524620 2.3459747 3.2838154 2.5889748 2.2177793 2.3175206 3.2838154 2.5631056 2.6524620 2.4849066 2.5997660 1.8463071 0.6323708 2.5972226 2.3357730 2.1758006 2.0841762 2.2477456 2.3159474 2.2869273 1.6277054 2.6568642 1.3826146 2.5384089 2.2483777 2.1157865 2.9712706 2.3578424 2.8094797 2.4401990 2.0840589 1.1408041 2.2048050 1.6026438 2.5474279 2.5200394 2.4417313 2.8912950 2.1132517 2.6147680 0.0000010 0.0000000 2.0710267 2.6144887 2.1527470 2.8601341 
i2_Yps3_ypi_YpsIP31758_0801   2.7985994 2.1737476 3.6032817 1.7362572 3.3076229 3.1713855 3.1545804 3.4587386 3.1432862 2.9804626 3.1046152 3.4587386 3.1501136 3.1713855 3.3653331 2.7875006 2.7774653 2.2414230 2.6095054 1.0068608 2.4992400 3.0559150 0.6094774 1.0599909 2.9977919 2.5612749 2.6723550 2.6315294 2.7795731 3.0808642 2.9762560 3.6767601 3.1835412 3.6059775 3.0767747 3.1847936 2.0231240 2.5727783 2.7377989 2.7395124 2.8936485 3.2298741 3.8082570 0.0874502 3.4480925 2.0906311 2.0710267 0.0000000 3.4480925 0.0941468 3.7650188 
i3_Yps4_ypi_YpsIP31758_1360   2.7062586 2.7019027 3.0704009 2.7914534 2.6753776 1.6217760 1.1462382 2.7255361 3.4458151 0.9539908 1.1107509 2.7255361 3.4527621 1.6217760 2.6869555 2.7968029 3.1456198 2.5568428 2.5476359 3.1297580 2.2098933 3.1075059 3.4197585 3.2064423 1.8153650 2.9257245 2.9270995 2.8871587 2.8956954 1.2601852 1.1307431 3.1721903 2.8361872 2.4605075 1.4760429 1.1060953 2.7727775 2.3787773 2.6731288 1.9291174 1.9268165 0.2038054 2.4470578 3.5205001 0.0028750 2.6231488 2.6144887 3.4480925 0.0000000 3.5794900 2.4688107 
i2_Yps5_ypi_YpsIP31758_2488   2.8168794 2.2134747 3.7097751 1.7091977 3.4192472 3.1972584 3.1587439 3.5144337 3.0954807 3.0380434 3.1083367 3.5144337 3.1021688 3.1972584 3.5455559 2.9119496 2.8712824 2.2661690 2.7504819 1.0114847 2.5524143 3.2020737 0.6198793 1.0514050 2.9388347 2.5660405 2.6463077 2.6692480 2.7110283 3.1561889 3.0626132 3.7428679 3.2290570 3.6318785 3.1313557 3.1682316 2.0619058 2.6896097 2.8016452 2.7558338 2.9088836 3.3634308 3.7301104 0.0057177 3.5794900 2.1653077 2.1527470 0.0941468 3.5794900 0.0000000 3.6878021 
i3_Yps6_ypi_YpsIP31758_3431   3.1270058 2.7650926 2.9422203 3.3754386 2.8548648 2.3699629 2.1667020 1.5353105 3.4290764 2.1887098 2.1550896 1.5353105 3.4831215 2.3699629 2.9306945 3.1596953 3.6174570 2.9146385 2.9710117 3.0897569 2.4068626 2.9012840 3.5867520 3.2091992 2.0066889 3.4960948 2.8640653 3.2232218 3.1924112 2.1713675 2.2264518 2.9229403 2.6452419 0.7670976 1.9756653 2.2509330 3.0476571 2.5292160 3.0876223 2.3842263 2.3881143 2.3834479 0.0031597 3.6451368 2.4688107 2.8947468 2.8601341 3.7650188 2.4688107 3.6878021 0.0000000 
