50
i4b_Ab_abaz_P795_10875        0.0000000 2.8039593 2.3647722 2.7523470 1.0196460 2.3004224 2.2990660 1.0323028 3.1627142 3.1138760 2.3585483 2.5305300 3.1627142 3.1120298 2.2986786 1.0313972 3.6812574 2.6784473 2.9073122 3.8124974 2.6991001 3.0764335 2.6847715 2.9178863 2.8565484 2.0338365 2.5574477 3.6478254 2.5859978 3.5277155 2.3350309 2.4265858 1.0737989 2.9331928 2.0974361 2.3120387 2.4698401 2.2328620 2.6050915 2.4695991 2.4233068 2.9208660 2.6557593 2.3607940 2.8507253 2.8551157 2.6745893 2.3674523 2.6522194 2.8933545 
i1_Ah_ahj_V469_13105          2.8039593 0.0000000 2.5766804 3.3389215 2.6063731 2.3466862 2.9779616 2.6747442 3.0233934 3.4032810 2.5093771 2.8040654 3.0233934 3.3943281 2.3449542 2.6747442 4.1007040 2.5879536 1.1850203 3.9084802 3.4654259 3.4007232 2.6982766 3.3688766 3.3888740 2.2489679 2.3858109 3.3514038 1.5700156 3.5769751 2.6074511 2.6580083 2.7089386 2.9475457 2.5784336 2.5791799 1.2775177 2.3360381 2.6187093 2.4657185 2.7128988 2.8557686 3.1062958 2.7336092 1.0137035 1.0134414 3.0828700 2.7290065 3.1094823 2.8409793 
i5_At_atf_Ach5_44990          2.3647722 2.5766804 0.0000000 2.9990511 2.2174210 1.8076630 1.9460837 2.2380169 2.5618900 3.0822278 2.0484446 2.0332765 2.5618900 3.0766559 1.8094862 2.2386006 3.8415750 2.4714691 2.6942712 3.6473718 3.2139214 3.0159827 2.6302546 3.2143614 3.1169887 1.6585685 1.9382842 3.4466260 2.5425532 3.3477367 2.1001287 0.4728569 2.2338870 2.3092714 1.8540464 2.0498913 2.2449428 1.8991130 2.5282550 1.8915965 2.3625855 2.2647147 2.8660499 2.2745232 2.6248707 2.6324381 2.8598390 2.2668521 2.8664459 2.2291275 
i2_Bc1_bceo_I35_4164          2.7523470 3.3389215 2.9990511 0.0000000 2.4151334 2.9073123 3.2312268 2.4072456 3.2702313 3.7132410 2.9404448 3.0455395 3.2702313 3.7263880 2.8998692 2.4072456 4.4081522 3.2379463 3.4991733 3.8992595 1.6940893 4.1094609 3.1892889 1.5924343 1.6373116 2.7009196 2.8060733 3.9816343 3.2569357 3.9552815 3.0038356 2.9454666 2.5179199 3.1509745 2.9988491 2.9596418 3.2781518 2.9729048 2.8692316 2.9998407 2.9511996 3.2574455 1.4613825 2.9415373 3.3939132 3.3992984 1.4651416 2.9380007 1.4574184 3.2574455 
i4b_Bc2_bceo_I35_0342         1.0196460 2.6063731 2.2174210 2.4151334 0.0000000 2.1045315 2.1758980 0.1023025 3.0328737 2.9289347 2.2200093 2.2864420 3.0328737 2.9199376 2.1029685 0.1032325 3.7647153 2.6945244 2.7662391 3.8013988 2.6657145 3.0544951 2.7457423 2.6662975 2.6722601 2.0403991 2.3378268 3.3174839 2.4364609 3.3475371 2.2239558 2.1660409 0.3489724 2.6220005 2.0904980 2.1155576 2.4236256 2.1205448 2.3838829 2.3359506 2.5292559 2.7183448 2.4953472 2.5295649 2.6990423 2.6946974 2.4898951 2.5285751 2.4906861 2.7028192 
i3_Bm1_bmal_DM55_3349         2.3004224 2.3466862 1.8076630 2.9073123 2.1045315 0.0000000 1.5926424 2.1052603 2.2417077 3.0851319 1.5517054 1.5020425 2.2417077 3.0788952 0.0008697 2.1082261 3.7321107 2.5838150 2.5207291 3.8740044 3.1105317 3.0894005 2.6567715 3.0025287 2.9183109 1.3572857 2.0085742 3.2529399 2.1595147 3.2114798 1.5807943 1.6991227 2.2304418 1.9121661 1.0654658 1.5286925 2.1244880 1.8011590 2.3706181 1.7184878 1.8275886 2.0090338 2.6798600 1.8582562 2.4865799 2.4952414 2.6864555 1.8541661 2.6741435 1.9951582 
i3_Bm2_bmal_DM55_3871         2.2990660 2.9779616 1.9460837 3.2312268 2.1758980 1.5926424 0.0000000 2.1224770 2.5831462 2.8727621 1.0460083 0.0113813 2.5831462 2.8852191 1.5925611 2.1233641 3.9243018 2.6235001 2.7992209 3.6621125 3.1940111 2.7613772 2.7290111 3.3417555 3.0778759 1.6233744 2.0109725 3.4329111 2.3664011 3.3767057 0.4257688 1.8536625 2.1500662 2.4946328 1.7226772 1.0000013 2.4512552 2.0347180 2.5224283 2.0147975 1.7808959 2.5936157 2.9856001 1.7702806 2.8676462 2.8575528 2.9733266 1.7715748 2.9922327 2.5353125 
i4b_Bm3_bmal_DM55_865         1.0323028 2.6747442 2.2380169 2.4072456 0.1023025 2.1052603 2.1224770 0.0000000 3.1027537 2.9812768 2.2336630 2.2493268 3.1027537 2.9720009 2.1036896 0.0008514 3.8473499 2.6914105 2.7791664 3.7695624 2.6448871 3.0384658 2.7787247 2.6353886 2.6982174 2.0390611 2.3268769 3.2550820 2.4031865 3.3744414 2.2262792 2.1845096 0.3369578 2.6780244 2.0835365 2.1715752 2.3888206 2.1668014 2.4055176 2.3140095 2.5078004 2.7674553 2.4849176 2.4643089 2.6404303 2.6361460 2.4936719 2.4697915 2.4829531 2.7552758 
i3_Bm4_bmal_DM55_4038         3.1627142 3.0233934 2.5618900 3.2702313 3.0328737 2.2417077 2.5831462 3.1027537 0.0000000 3.4008026 2.3788032 2.2964879 0.0000010 3.3992582 2.2444377 3.1027537 4.1408044 3.0242017 3.0284241 4.3803719 3.1439490 3.4686733 3.0837014 3.1606988 3.1295665 2.1816012 2.6975725 3.4200493 2.8698540 4.0512159 2.3564003 2.5301033 3.1614914 1.5223638 2.3017272 2.3275945 2.6572078 2.5672421 2.7471793 2.7248871 2.5793911 1.5813067 3.0127925 2.5037062 3.0181902 3.0190152 3.0762145 2.5097989 3.0190522 1.5565812 
i1_Bm5_bmal_DM55_4713         3.1138760 3.4032810 3.0822278 3.7132410 2.9289347 3.0851319 2.8727621 2.9812768 3.4008026 0.0000000 3.0317329 3.1429355 3.4008026 0.0082645 3.0948875 2.9782319 4.1079470 3.8788046 3.6503613 3.5815706 4.0494616 1.7789499 3.6709225 3.5103351 3.7253222 2.7001541 2.9831579 4.0449524 3.3750030 4.1295659 3.1824861 2.9704326 2.9408081 3.2509431 3.1654256 3.3643686 3.3598990 3.0241694 3.5915092 3.1452675 3.4209933 3.3012047 3.5208928 3.4251200 3.5287858 3.5383911 3.5609367 3.4166229 3.4992402 3.2865711 
i3_Bps1_bps_BPSS0103          2.3585483 2.5093771 2.0484446 2.9404448 2.2200093 1.5517054 1.0460083 2.2336630 2.3788032 3.0317329 0.0000000 0.9523888 2.3788032 3.0402024 1.5531232 2.2325832 3.7917144 2.6840031 2.6554428 3.8678155 3.1800077 2.9102386 2.7165393 3.1287554 2.9916599 1.7094447 2.1279825 3.4063053 2.4244168 3.3017427 0.9664319 2.0660163 2.2886971 2.0650798 1.7092604 1.0138544 2.3858772 2.0712431 2.4068318 2.2077530 1.4929478 2.1194497 2.9228440 1.4912076 2.6502894 2.6498761 2.9385402 1.4850417 2.9208056 2.0938053 
i3_Bps2_bps_BPSS0167          2.5305300 2.8040654 2.0332765 3.0455395 2.2864420 1.5020425 0.0113813 2.2493268 2.2964879 3.1429355 0.9523888 0.0000000 2.2964879 3.1518911 1.5020178 2.2499042 3.8049164 2.7444808 2.7355245 3.8794726 3.1944666 3.0457327 2.7159965 3.1524119 3.0885573 1.6927115 2.1688313 3.3672490 2.4745584 3.4928657 0.3818836 1.9505059 2.3561000 2.0122521 1.7177490 0.9948237 2.4293009 2.0266561 2.4404048 2.1320681 1.7342397 2.1445054 2.8679618 1.7198548 2.7071047 2.7010040 2.8471134 1.7205698 2.8531264 2.1138885 
i3_Bps3_bps_BPSS0532          3.1627142 3.0233934 2.5618900 3.2702313 3.0328737 2.2417077 2.5831462 3.1027537 0.0000010 3.4008026 2.3788032 2.2964879 0.0000000 3.3992582 2.2444377 3.1027537 4.1408044 3.0242017 3.0284241 4.3803719 3.1439490 3.4686733 3.0837014 3.1606988 3.1295665 2.1816012 2.6975725 3.4200493 2.8698540 4.0512159 2.3564003 2.5301033 3.1614914 1.5223638 2.3017272 2.3275945 2.6572078 2.5672421 2.7471793 2.7248871 2.5793911 1.5813067 3.0127925 2.5037062 3.0181902 3.0190152 3.0762145 2.5097989 3.0190522 1.5565812 
i1_Bps4_bps_BPSS1511          3.1120298 3.3943281 3.0766559 3.7263880 2.9199376 3.0788952 2.8852191 2.9720009 3.3992582 0.0082645 3.0402024 3.1518911 3.3992582 0.0000000 3.0886112 2.9689670 4.1060756 3.8852797 3.6407886 3.5854287 4.0623407 1.7881193 3.6686578 3.5116968 3.7398409 2.6939817 2.9738436 4.0265824 3.3582294 4.1507942 3.2001682 2.9497818 2.9316875 3.2379873 3.1774810 3.3546895 3.3508656 3.0088200 3.5546071 3.1358697 3.4310141 3.2905247 3.5373215 3.4363672 3.5054713 3.5149946 3.5719534 3.4247938 3.5155631 3.2761873 
i3_Bps5_bps_BPSS2104          2.2986786 2.3449542 1.8094862 2.8998692 2.1029685 0.0008697 1.5925611 2.1036896 2.2444377 3.0948875 1.5531232 1.5020178 2.2444377 3.0886112 0.0000000 2.1066527 3.7280006 2.5838150 2.5188368 3.8697414 3.1030388 3.0948150 2.6562170 2.9953805 2.9114201 1.3570402 2.0084231 3.2535493 2.1579794 3.2148493 1.5822409 1.7007927 2.2287728 1.9130805 1.0632015 1.5300580 2.1229837 1.8009669 2.3685988 1.7182724 1.8286854 2.0113230 2.6736960 1.8593824 2.4845831 2.4932341 2.6802915 1.8552892 2.6679861 1.9973802 
i4b_Bps6_bps_BPSL3097         1.0313972 2.6747442 2.2386006 2.4072456 0.1032325 2.1082261 2.1233641 0.0008514 3.1027537 2.9782319 2.2325832 2.2499042 3.1027537 2.9689670 2.1066527 0.0000000 3.8473499 2.6914105 2.7777744 3.7695624 2.6448871 3.0373133 2.7787247 2.6353886 2.6982174 2.0426999 2.3261642 3.2556920 2.4006613 3.3726629 2.2268595 2.1851051 0.3367036 2.6780244 2.0841175 2.1705305 2.3862862 2.1668014 2.4061248 2.3173297 2.5046789 2.7674553 2.4849176 2.4574100 2.6395556 2.6352730 2.4936719 2.4628699 2.4829531 2.7552758 
i4a_Cf2_cfd_CFNIH1_08865      3.6812574 4.1007040 3.8415750 4.4081522 3.7647153 3.7321107 3.9243018 3.8473499 4.1408044 4.1079470 3.7917144 3.8049164 4.1408044 4.1060756 3.7280006 3.8473499 0.0000000 4.1231505 3.9259899 4.8234259 4.3021935 4.3385935 4.2207959 3.9458051 4.3018208 3.4570467 3.7932133 2.2231789 3.6614399 2.9605189 3.9618254 3.9482911 3.8743821 3.8884421 3.5244198 3.9443875 3.8087411 3.5791793 3.8897947 3.9211270 4.1188295 3.9301360 3.8255842 4.1534499 3.8174094 3.8002797 3.8537719 4.1645352 3.8240847 3.9255425 
i1_Cj_cjl_PJ17_05085          2.6784473 2.5879536 2.4714691 3.2379463 2.6945244 2.5838150 2.6235001 2.6914105 3.0242017 3.8788046 2.6840031 2.7444808 3.0242017 3.8852797 2.5838150 2.6914105 4.1231505 0.0000000 2.7253321 3.4233631 3.1502474 3.2197555 0.8478661 3.2249003 3.1510962 2.2681094 2.4759750 3.6580745 2.7317441 3.6075712 2.6115971 2.4740163 2.6076956 3.1170713 2.4169567 2.5554717 2.4399325 2.2743956 2.4081084 2.8866757 2.5732345 2.8697995 3.0591968 2.4859269 2.7904220 2.7841785 3.0557249 2.5018496 3.0665626 2.8541515 
i1_EAEC1_eck_EC55989_0220     2.9073122 1.1850203 2.6942712 3.4991733 2.7662391 2.5207291 2.7992209 2.7791664 3.0284241 3.6503613 2.6554428 2.7355245 3.0284241 3.6407886 2.5188368 2.7777744 3.9259899 2.7253321 0.0000000 3.8959529 3.2781083 3.4597309 2.8185293 3.2263956 3.3176574 2.4916238 2.4333919 3.5631305 1.7014680 3.8534600 2.6707080 2.7805330 2.8858776 3.0308213 2.6146065 2.6382436 1.4701251 2.5486091 2.4515091 2.7069452 2.8951433 3.0456966 3.0963748 2.8619316 0.7056928 0.7083735 3.0977977 2.8602178 3.0947975 3.0355300 
i4b_EAEC2_eck_EC55989_3284    3.8124974 3.9084802 3.6473718 3.8992595 3.8013988 3.8740044 3.6621125 3.7695624 4.3803719 3.5815706 3.8678155 3.8794726 4.3803719 3.5854287 3.8697414 3.7695624 4.8234259 3.4233631 3.8959529 0.0000000 4.3697735 3.6301773 3.7343329 3.9407249 3.9559868 3.4336884 3.3319478 5.0339885 4.0926496 4.1768340 3.8716303 3.7666235 3.9467617 3.9421984 3.6746696 4.0564791 3.9311747 3.3823897 3.8770290 3.8674905 3.8213703 3.8182957 3.7811650 3.7209200 3.7134381 3.7220634 3.7063684 3.7318310 3.7803859 3.8328385 
i2_EAEC3_eck_EC55989_3325     2.6991001 3.4654259 3.2139214 1.6940893 2.6657145 3.1105317 3.1940111 2.6448871 3.1439490 4.0494616 3.1800077 3.1944666 3.1439490 4.0623407 3.1030388 2.6448871 4.3021935 3.1502474 3.2781083 4.3697735 0.0000000 4.0365963 2.9948281 1.2335093 0.5826156 2.7295712 2.8869122 3.6144524 3.2764901 4.2205343 3.1649237 3.0331649 2.7333768 3.1284708 3.0212498 3.0251560 3.3059582 3.0230881 2.8335429 3.1341829 3.1188505 3.1235741 1.1979405 3.0276954 3.2151332 3.2208815 1.2067509 3.0239672 1.1997576 3.0764144 
i4b_Et_etr_ETAE_2443          3.0764335 3.4007232 3.0159827 4.1094609 3.0544951 3.0894005 2.7613772 3.0384658 3.4686733 1.7789499 2.9102386 3.0457327 3.4686733 1.7881193 3.0948150 3.0373133 4.3385935 3.2197555 3.4597309 3.6301773 4.0365963 0.0000000 3.4356919 3.9715804 3.9149253 2.8191491 3.1561568 3.8722640 3.5010256 3.6941273 3.0636189 2.9594285 3.1650816 3.3648270 3.0985210 3.0016986 3.2042030 3.3175962 3.3930318 3.0491772 3.3184026 3.5320951 3.5044651 3.2289675 3.3513691 3.3643086 3.4907012 3.2244656 3.5060296 3.5661319 
i1_Hh_hhe_HH_0252             2.6847715 2.6982766 2.6302546 3.1892889 2.7457423 2.6567715 2.7290111 2.7787247 3.0837014 3.6709225 2.7165393 2.7159965 3.0837014 3.6686578 2.6562170 2.7787247 4.2207959 0.8478661 2.8185293 3.7343329 2.9948281 3.4356919 0.0000000 3.0528204 3.0521805 2.4732555 2.7637420 3.7551290 2.7242216 3.7887033 2.6163363 2.5611969 2.7009378 2.9118524 2.4523760 2.5300885 2.3394419 2.3897861 2.6053108 2.8253809 2.6235069 2.8280577 2.8290083 2.6079465 2.6689345 2.6703052 2.8367735 2.6013782 2.8380229 2.8095216 
i2_Kp1_kpu_KP1_2413           2.9178863 3.3688766 3.2143614 1.5924343 2.6662975 3.0025287 3.3417555 2.6353886 3.1606988 3.5103351 3.1287554 3.1524119 3.1606988 3.5116968 2.9953805 2.6353886 3.9458051 3.2249003 3.2263956 3.9407249 1.2335093 3.9715804 3.0528204 0.0000000 1.1651212 2.6803773 2.8980465 3.7339366 3.1000283 3.9832839 3.0976023 3.0189392 2.7345921 2.9725867 2.7641929 3.0491895 3.1244831 3.0485104 2.8843071 3.0437943 3.1190571 3.0286691 0.6406933 3.0756789 3.0547237 3.0638304 0.6494446 3.0636632 0.6374731 2.9742244 
i2_Kp2_kpu_KP1_3370           2.8565484 3.3888740 3.1169887 1.6373116 2.6722601 2.9183109 3.0778759 2.6982174 3.1295665 3.7253222 2.9916599 3.0885573 3.1295665 3.7398409 2.9114201 2.6982174 4.3018208 3.1510962 3.3176574 3.9559868 0.5826156 3.9149253 3.0521805 1.1651212 0.0000000 2.6383570 2.7719738 3.7473556 3.1840279 4.1110741 2.9801401 2.9974885 2.7559205 3.1494460 3.0594429 3.1082455 3.1363703 2.9857374 2.8880684 3.1498328 3.1015132 3.1594231 1.0863692 3.1705005 3.1262538 3.1267622 1.0829178 3.1481874 1.0920405 3.1028422 
i3_Pa1_paei_N296_83           2.0338365 2.2489679 1.6585685 2.7009196 2.0403991 1.3572857 1.6233744 2.0390611 2.1816012 2.7001541 1.7094447 1.6927115 2.1816012 2.6939817 1.3570402 2.0426999 3.4570467 2.2681094 2.4916238 3.4336884 2.7295712 2.8191491 2.4732555 2.6803773 2.6383570 0.0000000 1.7727851 2.9448914 2.0543853 3.1805524 1.7569385 1.5961687 2.0380897 2.0331781 1.4168077 1.6976968 2.1015450 1.5583472 2.2575302 1.5463178 1.9390139 2.1082299 2.4494435 1.9093890 2.2776714 2.2754440 2.4625341 1.9149527 2.4436043 2.0752792 
i1_Pa2_paei_N296_1715         2.5574477 2.3858109 1.9382842 2.8060733 2.3378268 2.0085742 2.0109725 2.3268769 2.6975725 2.9831579 2.1279825 2.1688313 2.6975725 2.9738436 2.0084231 2.3261642 3.7932133 2.4759750 2.4333919 3.3319478 2.8869122 3.1561568 2.7637420 2.8980465 2.7719738 1.7727851 0.0000000 3.2477685 2.3239597 3.4123671 2.1576101 1.8946534 2.3904409 2.2820208 2.0829975 2.1997047 2.1718820 1.9356756 2.4918764 1.9713489 2.3442664 2.4397513 2.7705173 2.4085198 2.4073735 2.4036184 2.8035196 2.4001244 2.7670490 2.3980132 
i4b_Pa3_paei_N296_2435        3.6478254 3.3514038 3.4466260 3.9816343 3.3174839 3.2529399 3.4329111 3.2550820 3.4200493 4.0449524 3.4063053 3.3672490 3.4200493 4.0265824 3.2535493 3.2556920 2.2231789 3.6580745 3.5631305 5.0339885 3.6144524 3.8722640 3.7551290 3.7339366 3.7473556 2.9448914 3.2477685 0.0000000 3.2450085 2.7981933 3.3777776 3.5707198 3.3130223 3.4385231 3.0785829 3.2956665 3.1999873 3.2993750 3.4891560 3.3290466 3.7427706 3.4777840 3.5609968 3.7435982 3.3053564 3.2990013 3.5035363 3.7476538 3.5526535 3.4838884 
i1_Pf_pfn_HZ99_04990          2.5859978 1.5700156 2.5425532 3.2569357 2.4364609 2.1595147 2.3664011 2.4031865 2.8698540 3.3750030 2.4244168 2.4745584 2.8698540 3.3582294 2.1579794 2.4006613 3.6614399 2.7317441 1.7014680 4.0926496 3.2764901 3.5010256 2.7242216 3.1000283 3.1840279 2.0543853 2.3239597 3.2450085 0.0000000 3.7102167 2.4993770 2.4712811 2.4183493 2.5362054 2.4213162 2.5263384 1.2333015 2.4312944 2.3363658 2.4555677 2.6691554 2.6626406 2.9071061 2.7620591 1.5849411 1.5879382 2.9300524 2.7579160 2.9225135 2.6394117 
i4a_Pp1_bph_Bphy_5996         3.5277155 3.5769751 3.3477367 3.9552815 3.3475371 3.2114798 3.3767057 3.3744414 4.0512159 4.1295659 3.3017427 3.4928657 4.0512159 4.1507942 3.2148493 3.3726629 2.9605189 3.6075712 3.8534600 4.1768340 4.2205343 3.6941273 3.7887033 3.9832839 4.1110741 3.1805524 3.4123671 2.7981933 3.7102167 0.0000000 3.3052973 3.5039116 3.4222262 3.7436067 3.0844016 3.3508077 3.7672918 3.3339661 3.7036882 3.3649027 3.7497120 3.8577265 3.9367936 3.7370544 3.6712336 3.6555418 3.8472844 3.7217174 3.9336087 3.8201320 
i3_Pp2_bph_Bphy_6108          2.3350309 2.6074511 2.1001287 3.0038356 2.2239558 1.5807943 0.4257688 2.2262792 2.3564003 3.1824861 0.9664319 0.3818836 2.3564003 3.2001682 1.5822409 2.2268595 3.9618254 2.6115971 2.6707080 3.8716303 3.1649237 3.0636189 2.6163363 3.0976023 2.9801401 1.7569385 2.1576101 3.3777776 2.4993770 3.3052973 0.0000000 1.9941889 2.2867454 2.1101106 1.7233278 0.9652810 2.4592678 2.0182860 2.3897721 2.2363111 1.6908697 2.2042255 2.9599681 1.6919023 2.7303380 2.7242151 2.9339529 1.6841199 2.9415179 2.1672333 
i5_Rl_rlb_RLEG3_07625         2.4265858 2.6580083 0.4728569 2.9454666 2.1660409 1.6991227 1.8536625 2.1845096 2.5301033 2.9704326 2.0660163 1.9505059 2.5301033 2.9497818 1.7007927 2.1851051 3.9482911 2.4740163 2.7805330 3.7666235 3.0331649 2.9594285 2.5611969 3.0189392 2.9974885 1.5961687 1.8946534 3.5707198 2.4712811 3.5039116 1.9941889 0.0000000 2.1631133 2.2391346 1.8183308 1.9692471 2.3353356 1.8732471 2.4097246 1.8220581 2.2886966 2.2044385 2.7256452 2.2339272 2.7222264 2.7179933 2.7479583 2.2289092 2.7261713 2.1965840 
i4b_Rs_rso_RSp0763            1.0737989 2.7089386 2.2338870 2.5179199 0.3489724 2.2304418 2.1500662 0.3369578 3.1614914 2.9408081 2.2886971 2.3561000 3.1614914 2.9316875 2.2287728 0.3367036 3.8743821 2.6076956 2.8858776 3.9467617 2.7333768 3.1650816 2.7009378 2.7345921 2.7559205 2.0380897 2.3904409 3.3130223 2.4183493 3.4222262 2.2867454 2.1631133 0.0000000 2.6943984 2.1509507 2.1692130 2.4714952 2.2058913 2.5167950 2.3235346 2.5836834 2.8143007 2.5414636 2.5731887 2.7138817 2.7056527 2.5413463 2.5783627 2.5415904 2.7824153 
i3_Sm1_serf_L085_12920        2.9331928 2.9475457 2.3092714 3.1509745 2.6220005 1.9121661 2.4946328 2.6780244 1.5223638 3.2509431 2.0650798 2.0122521 1.5223638 3.2379873 1.9130805 2.6780244 3.8884421 3.1170713 3.0308213 3.9421984 3.1284708 3.3648270 2.9118524 2.9725867 3.1494460 2.0331781 2.2820208 3.4385231 2.5362054 3.7436067 2.1101106 2.2391346 2.6943984 0.0000000 2.0221303 2.0059692 2.4941775 2.2059794 2.5152956 2.5308153 2.1575242 0.6173281 2.8968528 2.1656794 2.8456447 2.8435611 2.9101236 2.1661762 2.9078760 0.5999736 
i3_Sm2_serf_L085_13795        2.0974361 2.5784336 1.8540464 2.9988491 2.0904980 1.0654658 1.7226772 2.0835365 2.3017272 3.1654256 1.7092604 1.7177490 2.3017272 3.1774810 1.0632015 2.0841175 3.5244198 2.4169567 2.6146065 3.6746696 3.0212498 3.0985210 2.4523760 2.7641929 3.0594429 1.4168077 2.0829975 3.0785829 2.4213162 3.0844016 1.7233278 1.8183308 2.1509507 2.0221303 0.0000000 1.6872274 2.2128000 1.7650129 2.2639669 1.8818577 1.9316553 2.0725809 2.7387641 1.9078385 2.5031695 2.5057825 2.7835816 1.9085067 2.7384567 2.0248662 
i3_Stm_setc_CFSAN001921_15980 2.3120387 2.5791799 2.0498913 2.9596418 2.1155576 1.5286925 1.0000013 2.1715752 2.3275945 3.3643686 1.0138544 0.9948237 2.3275945 3.3546895 1.5300580 2.1705305 3.9443875 2.5554717 2.6382436 4.0564791 3.0251560 3.0016986 2.5300885 3.0491895 3.1082455 1.6976968 2.1997047 3.2956665 2.5263384 3.3508077 0.9652810 1.9692471 2.1692130 2.0059692 1.6872274 0.0000000 2.4362346 2.1196301 2.3806804 2.0663200 1.5645033 2.1144599 2.8517996 1.6107485 2.5931092 2.5839672 2.8451163 1.6101652 2.8610517 2.0695324 
i1_Vc_vcm_VCM66_A0118         2.4698401 1.2775177 2.2449428 3.2781518 2.4236256 2.1244880 2.4512552 2.3888206 2.6572078 3.3598990 2.3858772 2.4293009 2.6572078 3.3508656 2.1229837 2.3862862 3.8087411 2.4399325 1.4701251 3.9311747 3.3059582 3.2042030 2.3394419 3.1244831 3.1363703 2.1015450 2.1718820 3.1999873 1.2333015 3.7672918 2.4592678 2.3353356 2.4714952 2.4941775 2.2128000 2.4362346 0.0000000 2.1431816 2.2378669 2.3370596 2.3897905 2.5166325 3.0372855 2.4399588 1.4416967 1.4468611 3.0148410 2.4372484 3.0417695 2.4960857 
i5_Vp1_vpa_VPA1039            2.2328620 2.3360381 1.8991130 2.9729048 2.1205448 1.8011590 2.0347180 2.1668014 2.5672421 3.0241694 2.0712431 2.0266561 2.5672421 3.0088200 1.8009669 2.1668014 3.5791793 2.2743956 2.5486091 3.3823897 3.0230881 3.3175962 2.3897861 3.0485104 2.9857374 1.5583472 1.9356756 3.2993750 2.4312944 3.3339661 2.0182860 1.8732471 2.2058913 2.2059794 1.7650129 2.1196301 2.1431816 0.0000000 2.3950752 1.9987243 2.2176563 2.2697460 2.8412725 2.1778247 2.3958045 2.3896230 2.8587813 2.1794379 2.8435528 2.2391148 
i1_Vp2_vpa_VP1408             2.6050915 2.6187093 2.5282550 2.8692316 2.3838829 2.3706181 2.5224283 2.4055176 2.7471793 3.5915092 2.4068318 2.4404048 2.7471793 3.5546071 2.3685988 2.4061248 3.8897947 2.4081084 2.4515091 3.8770290 2.8335429 3.3930318 2.6053108 2.8843071 2.8880684 2.2575302 2.4918764 3.4891560 2.3363658 3.7036882 2.3897721 2.4097246 2.5167950 2.5152956 2.2639669 2.3806804 2.2378669 2.3950752 0.0000000 2.3526442 2.7720310 2.5821465 2.6817064 2.7194831 2.3283892 2.3351686 2.6540008 2.7100876 2.6776609 2.6142172 
i3_Xc_xac_XAC4119             2.4695991 2.4657185 1.8915965 2.9998407 2.3359506 1.7184878 2.0147975 2.3140095 2.7248871 3.1452675 2.2077530 2.1320681 2.7248871 3.1358697 1.7182724 2.3173297 3.9211270 2.8866757 2.7069452 3.8674905 3.1341829 3.0491772 2.8253809 3.0437943 3.1498328 1.5463178 1.9713489 3.3290466 2.4555677 3.3649027 2.2363111 1.8220581 2.3235346 2.5308153 1.8818577 2.0663200 2.3370596 1.9987243 2.3526442 0.0000000 2.4634720 2.3812611 2.8697543 2.5021030 2.5952444 2.5993176 2.8946859 2.5038820 2.8834308 2.3808515 
i3_Ye_yet_CH48_3199           2.4233068 2.7128988 2.3625855 2.9511996 2.5292559 1.8275886 1.7808959 2.5078004 2.5793911 3.4209933 1.4929478 1.7342397 2.5793911 3.4310141 1.8286854 2.5046789 4.1188295 2.5732345 2.8951433 3.8213703 3.1188505 3.3184026 2.6235069 3.1190571 3.1015132 1.9390139 2.3442664 3.7427706 2.6691554 3.7497120 1.6908697 2.2886966 2.5836834 2.1575242 1.9316553 1.5645033 2.3897905 2.2176563 2.7720310 2.4634720 0.0000000 2.2583450 2.9551900 0.2332184 2.7461099 2.7476015 2.9780574 0.2304380 2.9568114 2.2352956 
i3_Yp1_ype_YPO0515            2.9208660 2.8557686 2.2647147 3.2574455 2.7183448 2.0090338 2.5936157 2.7674553 1.5813067 3.3012047 2.1194497 2.1445054 1.5813067 3.2905247 2.0113230 2.7674553 3.9301360 2.8697995 3.0456966 3.8182957 3.1235741 3.5320951 2.8280577 3.0286691 3.1594231 2.1082299 2.4397513 3.4777840 2.6626406 3.8577265 2.2042255 2.2044385 2.8143007 0.6173281 2.0725809 2.1144599 2.5166325 2.2697460 2.5821465 2.3812611 2.2583450 0.0000000 2.9797075 2.1979127 2.8297316 2.8322414 2.9875057 2.1997457 3.0037783 0.0091524 
i2_Yp3_ype_YPO1482            2.6557593 3.1062958 2.8660499 1.4613825 2.4953472 2.6798600 2.9856001 2.4849176 3.0127925 3.5208928 2.9228440 2.8679618 3.0127925 3.5373215 2.6736960 2.4849176 3.8255842 3.0591968 3.0963748 3.7811650 1.1979405 3.5044651 2.8290083 0.6406933 1.0863692 2.4494435 2.7705173 3.5609968 2.9071061 3.9367936 2.9599681 2.7256452 2.5414636 2.8968528 2.7387641 2.8517996 3.0372855 2.8412725 2.6817064 2.8697543 2.9551900 2.9797075 0.0000000 2.7849613 2.9213596 2.9217657 0.0662534 2.7800827 0.0090543 2.9503447 
i3_Yp4_ype_YPO2724            2.3607940 2.7336092 2.2745232 2.9415373 2.5295649 1.8582562 1.7702806 2.4643089 2.5037062 3.4251200 1.4912076 1.7198548 2.5037062 3.4363672 1.8593824 2.4574100 4.1534499 2.4859269 2.8619316 3.7209200 3.0276954 3.2289675 2.6079465 3.0756789 3.1705005 1.9093890 2.4085198 3.7435982 2.7620591 3.7370544 1.6919023 2.2339272 2.5731887 2.1656794 1.9078385 1.6107485 2.4399588 2.1778247 2.7194831 2.5021030 0.2332184 2.1979127 2.7849613 0.0000000 2.8352388 2.8367846 2.8165299 0.0055896 2.7867073 2.1878957 
i1_Yp6_ype_YPO3603            2.8507253 1.0137035 2.6248707 3.3939132 2.6990423 2.4865799 2.8676462 2.6404303 3.0181902 3.5287858 2.6502894 2.7071047 3.0181902 3.5054713 2.4845831 2.6395556 3.8174094 2.7904220 0.7056928 3.7134381 3.2151332 3.3513691 2.6689345 3.0547237 3.1262538 2.2776714 2.4073735 3.3053564 1.5849411 3.6712336 2.7303380 2.7222264 2.7138817 2.8456447 2.5031695 2.5931092 1.4416967 2.3958045 2.3283892 2.5952444 2.7461099 2.8297316 2.9213596 2.8352388 0.0000000 0.0034252 2.9228295 2.8313737 2.9364708 2.8066996 
i1_Yps1_ypi_YpsIP31758_0326   2.8551157 1.0134414 2.6324381 3.3992984 2.6946974 2.4952414 2.8575528 2.6361460 3.0190152 3.5383911 2.6498761 2.7010040 3.0190152 3.5149946 2.4932341 2.6352730 3.8002797 2.7841785 0.7083735 3.7220634 3.2208815 3.3643086 2.6703052 3.0638304 3.1267622 2.2754440 2.4036184 3.2990013 1.5879382 3.6555418 2.7242151 2.7179933 2.7056527 2.8435611 2.5057825 2.5839672 1.4468611 2.3896230 2.3351686 2.5993176 2.7476015 2.8322414 2.9217657 2.8367846 0.0034252 0.0000000 2.9232329 2.8329177 2.9368819 2.8091287 
i2_Yps3_ypi_YpsIP31758_0795   2.6745893 3.0828700 2.8598390 1.4651416 2.4898951 2.6864555 2.9733266 2.4936719 3.0762145 3.5609367 2.9385402 2.8471134 3.0762145 3.5719534 2.6802915 2.4936719 3.8537719 3.0557249 3.0977977 3.7063684 1.2067509 3.4907012 2.8367735 0.6494446 1.0829178 2.4625341 2.8035196 3.5035363 2.9300524 3.8472844 2.9339529 2.7479583 2.5413463 2.9101236 2.7835816 2.8451163 3.0148410 2.8587813 2.6540008 2.8946859 2.9780574 2.9875057 0.0662534 2.8165299 2.9228295 2.9232329 0.0000000 2.8114957 0.0629001 2.9578415 
i3_Yps4_ypi_YpsIP31758_1373   2.3674523 2.7290065 2.2668521 2.9380007 2.5285751 1.8541661 1.7715748 2.4697915 2.5097989 3.4166229 1.4850417 1.7205698 2.5097989 3.4247938 1.8552892 2.4628699 4.1645352 2.5018496 2.8602178 3.7318310 3.0239672 3.2244656 2.6013782 3.0636632 3.1481874 1.9149527 2.4001244 3.7476538 2.7579160 3.7217174 1.6841199 2.2289092 2.5783627 2.1661762 1.9085067 1.6101652 2.4372484 2.1794379 2.7100876 2.5038820 0.2304380 2.1997457 2.7800827 0.0055896 2.8313737 2.8329177 2.8114957 0.0000000 2.7818319 2.1896587 
i2_Yps5_ypi_YpsIP31758_2495   2.6522194 3.1094823 2.8664459 1.4574184 2.4906861 2.6741435 2.9922327 2.4829531 3.0190522 3.4992402 2.9208056 2.8531264 3.0190522 3.5155631 2.6679861 2.4829531 3.8240847 3.0665626 3.0947975 3.7803859 1.1997576 3.5060296 2.8380229 0.6374731 1.0920405 2.4436043 2.7670490 3.5526535 2.9225135 3.9336087 2.9415179 2.7261713 2.5415904 2.9078760 2.7384567 2.8610517 3.0417695 2.8435528 2.6776609 2.8834308 2.9568114 3.0037783 0.0090543 2.7867073 2.9364708 2.9368819 0.0629001 2.7818319 0.0000000 2.9738564 
i3_Yps6_ypi_YpsIP31758_3421   2.8933545 2.8409793 2.2291275 3.2574455 2.7028192 1.9951582 2.5353125 2.7552758 1.5565812 3.2865711 2.0938053 2.1138885 1.5565812 3.2761873 1.9973802 2.7552758 3.9255425 2.8541515 3.0355300 3.8328385 3.0764144 3.5661319 2.8095216 2.9742244 3.1028422 2.0752792 2.3980132 3.4838884 2.6394117 3.8201320 2.1672333 2.1965840 2.7824153 0.5999736 2.0248662 2.0695324 2.4960857 2.2391148 2.6142172 2.3808515 2.2352956 0.0091524 2.9503447 2.1878957 2.8066996 2.8091287 2.9578415 2.1896587 2.9738564 0.0000000 
