52
i4b_Ab_abaz_P795_10905        0.0000000 1.6607948 1.0706902 1.8934417 0.4914792 1.3164265 1.2632397 1.3277733 1.8324862 1.2861035 1.2632397 1.3277733 1.8324862 1.3164265 0.4996253 1.8768973 0.8557777 1.7010653 1.7741294 0.8892124 1.9075468 0.6964874 1.7039467 1.9296532 1.2656251 1.6963235 0.8679454 1.8082535 0.8915443 1.2743523 1.0370007 0.4711544 1.3027258 1.2652575 1.2798236 1.7177541 1.0688734 1.8592138 1.1892848 1.1990801 1.2346009 1.3866762 1.9040635 1.9160179 1.2434867 1.7790236 1.7847349 1.9263116 1.8943068 1.2434867 1.9263116 1.3900055 
i1_Ah_ahj_V469_13165          1.6607948 0.0000000 1.6660279 1.4250332 1.5011334 1.6248049 1.7128801 1.8320397 0.7082625 1.6263524 1.7128801 1.8320397 0.7082625 1.6248049 1.5436504 1.5031775 1.6387151 0.6771652 0.3444710 1.6743903 1.4410504 1.5133658 0.7122370 1.4637004 1.6640003 0.5118001 1.4865672 0.5080342 1.7301585 1.6184530 1.7140696 1.5222191 1.7033330 1.5968454 1.6319470 0.3194509 1.8943511 0.4951310 1.6585919 1.6387780 1.5486137 1.7986199 1.4383721 1.4513098 1.5996490 0.2580105 0.2554253 1.4616076 1.4455835 1.5996490 1.4616076 1.7825211 
i5_At_atf_Ach5_45080          1.0706902 1.6660279 0.0000000 1.7034280 0.9911774 1.1537955 1.1868755 1.2205371 1.8717847 1.0868520 1.1868755 1.2205371 1.8717847 1.1537955 0.9843195 1.8378343 1.0423607 1.8779980 1.8885763 1.2623543 1.7756327 0.8883523 1.9260636 1.7695515 1.1604789 1.6620493 0.9883868 1.7847526 1.1215339 1.1645248 0.1671700 0.9359567 1.2265869 1.1240306 1.1441884 1.8679787 0.6015281 1.8353227 1.0907604 1.1056243 1.1330428 1.2641548 1.7212710 1.7379465 1.1382063 1.9136751 1.9198113 1.7502457 1.7373872 1.1382063 1.7502457 1.2592689 
i2_Bc1_bceo_I35_4158          1.8934417 1.4250332 1.7034280 0.0000000 1.6926388 1.7617445 1.8473408 1.9684096 1.3438867 1.7069271 1.8473408 1.9684096 1.3438867 1.7617445 1.6862299 0.4390884 1.7482042 1.6445612 1.5627466 1.9581250 0.3638810 1.6535762 1.7860971 0.4142358 1.8367731 1.4652499 1.7789530 1.5970952 1.9909695 1.8093810 1.7466861 1.6866600 1.7747190 1.8574029 1.9145363 1.4321291 1.8936031 1.5014805 1.8879956 1.8486243 1.7805760 1.9085552 0.3634669 0.3546674 1.7790272 1.5952694 1.5932904 0.3586375 0.3582596 1.7790272 0.3586375 1.9007722 
i4b_Bc2_bceo_I35_0333         0.4914792 1.5011334 0.9911774 1.6926388 0.0000000 1.2403806 1.3247961 1.3869457 1.6245216 1.2325684 1.3247961 1.3869457 1.6245216 1.2403806 0.0698478 1.8537611 0.8623076 1.6492130 1.6643684 0.9015029 1.8204409 0.6223164 1.7376775 1.8126627 1.3105891 1.5954335 0.8088777 1.6810240 0.9028434 1.2954588 0.9759844 0.1531858 1.4109909 1.2147235 1.2644727 1.6777265 1.0550755 1.6850926 1.1705195 1.1669046 1.2586757 1.4667348 1.7176018 1.7379018 1.2674178 1.6739351 1.6771503 1.7426544 1.7348776 1.2674178 1.7426544 1.4613002 
i3_Bm1_bmal_DM55_3344         1.3164265 1.6248049 1.1537955 1.7617445 1.2403806 0.0000000 0.3889746 0.6686120 1.7913359 0.3461899 0.3889746 0.6686120 1.7913359 0.0000010 1.2299479 1.8310056 1.2131495 1.7904000 1.7323745 1.3846041 1.8416114 1.1929356 1.9040868 1.9173027 0.3884938 1.6698904 1.1748375 1.7120034 1.2954468 0.3722367 1.1345511 1.1940953 0.6203354 0.2971493 0.4179544 1.6769963 1.1893137 1.5606609 0.4702894 0.4604443 0.3810132 0.6835411 1.9045541 1.9292086 0.3927257 1.8630003 1.8689375 1.9428982 1.8998113 0.3927257 1.9428982 0.6783585 
i3_Bm2_bmal_DM55_3876         1.2632397 1.7128801 1.1868755 1.8473408 1.3247961 0.3889746 0.0000000 0.7690713 1.7589911 0.1842048 0.0000010 0.7690713 1.7589911 0.3889746 1.3244279 1.7469705 1.2731559 1.8747426 1.7870538 1.3191076 1.7264251 1.1970041 2.0394920 1.7747844 0.3919644 1.7009177 1.1974691 1.7256973 1.3121946 0.1122784 1.1713140 1.2823289 0.6900714 0.3780735 0.2734743 1.7585049 1.1791386 1.6894046 0.5206758 0.5070720 0.2485106 0.7503069 1.7570429 1.7570636 0.2473905 1.8888749 1.8949340 1.7666646 1.7376636 0.2473905 1.7666646 0.7422351 
i3_Bm4_bmal_DM55_4022         1.3277733 1.8320397 1.2205371 1.9684096 1.3869457 0.6686120 0.7690713 0.0000000 1.8509224 0.6881571 0.7690713 0.0000010 1.8509224 0.6686120 1.3871780 1.9731545 1.3618604 1.8927162 2.0379807 1.3129680 1.9853406 1.3329723 1.9719635 1.9709793 0.6533096 1.8203282 1.3504844 1.8499179 1.4219639 0.7139968 1.2021264 1.3418154 0.4855510 0.6270000 0.7790835 1.8554434 1.3133636 1.8694433 0.7409232 0.7336750 0.7234913 0.5377463 1.9677421 1.9592433 0.7305273 2.0834943 2.0900101 1.9731734 1.9737824 0.7305273 1.9731734 0.5367413 
i1_Bm5_bmal_DM55_4699         1.8324862 0.7082625 1.8717847 1.3438867 1.6245216 1.7913359 1.7589911 1.8509224 0.0000000 1.5802136 1.7589911 1.8509224 0.0000010 1.7913359 1.6383043 1.4701780 1.6701964 0.8445149 0.7904962 1.7633062 1.3270391 1.5390935 0.8820214 1.3796507 1.7419259 0.6016725 1.5504724 0.7318773 1.8306731 1.6579702 1.9383002 1.5676012 1.7492833 1.7073146 1.6905908 0.7120519 2.1542300 0.7458996 1.8009474 1.7910016 1.5663378 1.7848340 1.4364641 1.4290998 1.6000186 0.7683579 0.7720756 1.4204760 1.4466679 1.6000186 1.4204760 1.7956688 
i3_Bps1_bps_BPSS0098          1.2861035 1.6263524 1.0868520 1.7069271 1.2325684 0.3461899 0.1842048 0.6881571 1.5802136 0.0000000 0.1842048 0.6881571 1.5802136 0.3461899 1.2286764 1.7114210 1.2361388 1.7994538 1.6834635 1.2794298 1.6873368 1.1275444 1.8997031 1.6966679 0.3766260 1.5725167 1.1728017 1.5923942 1.2325197 0.1581136 1.0990333 1.2019291 0.6689355 0.3178574 0.2109216 1.6475766 1.1374451 1.4751325 0.4728421 0.4592957 0.1696771 0.6971186 1.7608511 1.7582896 0.1817177 1.7968941 1.8027488 1.7678568 1.7453902 0.1817177 1.7678568 0.6937545 
i3_Bps2_bps_BPSS0172          1.2632397 1.7128801 1.1868755 1.8473408 1.3247961 0.3889746 0.0000010 0.7690713 1.7589911 0.1842048 0.0000000 0.7690713 1.7589911 0.3889746 1.3244279 1.7469705 1.2731559 1.8747426 1.7870538 1.3191076 1.7264251 1.1970041 2.0394920 1.7747844 0.3919644 1.7009177 1.1974691 1.7256973 1.3121946 0.1122784 1.1713140 1.2823289 0.6900714 0.3780735 0.2734743 1.7585049 1.1791386 1.6894046 0.5206758 0.5070720 0.2485106 0.7503069 1.7570429 1.7570636 0.2473905 1.8888749 1.8949340 1.7666646 1.7376636 0.2473905 1.7666646 0.7422351 
i3_Bps3_bps_BPSS0517          1.3277733 1.8320397 1.2205371 1.9684096 1.3869457 0.6686120 0.7690713 0.0000010 1.8509224 0.6881571 0.7690713 0.0000000 1.8509224 0.6686120 1.3871780 1.9731545 1.3618604 1.8927162 2.0379807 1.3129680 1.9853406 1.3329723 1.9719635 1.9709793 0.6533096 1.8203282 1.3504844 1.8499179 1.4219639 0.7139968 1.2021264 1.3418154 0.4855510 0.6270000 0.7790835 1.8554434 1.3133636 1.8694433 0.7409232 0.7336750 0.7234913 0.5377463 1.9677421 1.9592433 0.7305273 2.0834943 2.0900101 1.9731734 1.9737824 0.7305273 1.9731734 0.5367413 
i1_Bps4_bps_BPSS1497          1.8324862 0.7082625 1.8717847 1.3438867 1.6245216 1.7913359 1.7589911 1.8509224 0.0000010 1.5802136 1.7589911 1.8509224 0.0000000 1.7913359 1.6383043 1.4701780 1.6701964 0.8445149 0.7904962 1.7633062 1.3195101 1.5390935 0.8820214 1.3719726 1.7419259 0.6016725 1.5504724 0.7318773 1.8306731 1.6579702 1.9383002 1.5643702 1.7492833 1.7073146 1.6905908 0.7097123 2.1542300 0.7458996 1.8009474 1.7910016 1.5663378 1.7848340 1.4286701 1.4213345 1.6000186 0.7683579 0.7720756 1.4127394 1.4388457 1.6000186 1.4127394 1.7956688 
i3_Bps5_bps_BPSS2099          1.3164265 1.6248049 1.1537955 1.7617445 1.2403806 0.0000010 0.3889746 0.6686120 1.7913359 0.3461899 0.3889746 0.6686120 1.7913359 0.0000000 1.2299479 1.8310056 1.2131495 1.7904000 1.7323745 1.3846041 1.8416114 1.1929356 1.9040868 1.9173027 0.3884938 1.6698904 1.1748375 1.7120034 1.2954468 0.3722367 1.1345511 1.1940953 0.6203354 0.2971493 0.4179544 1.6769963 1.1893137 1.5606609 0.4702894 0.4604443 0.3810132 0.6835411 1.9045541 1.9292086 0.3927257 1.8630003 1.8689375 1.9428982 1.8998113 0.3927257 1.9428982 0.6783585 
i4b_Bps6_bps_BPSL3106         0.4996253 1.5436504 0.9843195 1.6862299 0.0698478 1.2299479 1.3244279 1.3871780 1.6383043 1.2286764 1.3244279 1.3871780 1.6383043 1.2299479 0.0000000 1.7943169 0.8299000 1.6357590 1.7086369 0.9150897 1.7908517 0.6343958 1.7566153 1.7873203 1.2808393 1.6380129 0.8022230 1.7141422 0.8851908 1.3169344 0.9727901 0.1585346 1.4266881 1.1951527 1.2745093 1.7178705 1.0408201 1.7126175 1.1519397 1.1467453 1.2355173 1.4591889 1.7114401 1.7318095 1.2368968 1.7306949 1.7339900 1.7365788 1.7034641 1.2368968 1.7365788 1.4537559 
i2_Cf1_cfd_CFNIH1_02195       1.8768973 1.5031775 1.8378343 0.4390884 1.8537611 1.8310056 1.7469705 1.9731545 1.4701780 1.7114210 1.7469705 1.9731545 1.4701780 1.8310056 1.7943169 0.0000000 1.7417597 1.5737349 1.4492652 2.0226529 0.2751871 1.7226651 1.7403212 0.2852208 1.7921150 1.4729381 1.7544122 1.5894171 2.0576915 1.7589318 1.8475574 1.9165287 1.8227209 1.8183236 1.8130163 1.4293353 1.8952135 1.5534363 1.8279663 1.8032399 1.7414463 1.8435213 0.2736084 0.2657887 1.7324587 1.5010988 1.4992175 0.2693514 0.2632037 1.7324587 0.2693514 1.8395875 
i4a_Cf2_cfd_CFNIH1_08890      0.8557777 1.6387151 1.0423607 1.7482042 0.8623076 1.2131495 1.2731559 1.3618604 1.6701964 1.2361388 1.2731559 1.3618604 1.6701964 1.2131495 0.8299000 1.7417597 0.0000000 1.7511761 1.8561364 0.9886471 1.6862195 0.7152448 1.7973915 1.7938033 1.2454384 1.6959819 0.2733491 1.8963148 0.5891265 1.2763681 1.0122044 0.7884736 1.3672601 1.2436187 1.2623555 1.8211117 1.0720607 1.7767075 1.1687313 1.1541674 1.2408994 1.3864709 1.7843509 1.7938044 1.2272738 1.8544567 1.8604009 1.7979740 1.7968105 1.2272738 1.7979740 1.3880730 
i1_Cj_cjl_PJ17_05120          1.7010653 0.6771652 1.8779980 1.6445612 1.6492130 1.7904000 1.8747426 1.8927162 0.8445149 1.7994538 1.8747426 1.8927162 0.8445149 1.7904000 1.6357590 1.5737349 1.7511761 0.0000000 0.7353114 1.8307762 1.5490415 1.6992441 0.2953042 1.6182389 1.9144636 0.6897925 1.6440660 0.7606353 1.8805389 1.7958596 1.9158201 1.6758383 1.7674255 1.7922775 1.8473377 0.6880979 1.9087378 0.6526286 1.8374850 1.8331010 1.8287072 1.8856105 1.5430016 1.5555496 1.8766149 0.7037625 0.7026577 1.5579601 1.5475070 1.8766149 1.5579601 1.8856448 
i1_EAEC1_eck_EC55989_0231     1.7741294 0.3444710 1.8885763 1.5627466 1.6643684 1.7323745 1.7870538 2.0379807 0.7904962 1.6834635 1.7870538 2.0379807 0.7904962 1.7323745 1.7086369 1.4492652 1.8561364 0.7353114 0.0000000 1.7358817 1.4786687 1.5800737 0.7494863 1.5183916 1.7717597 0.5965019 1.6624987 0.5072961 1.9789017 1.7299696 1.9132589 1.6991825 1.8032354 1.6434454 1.7084367 0.3973783 2.0222978 0.5896022 1.7823395 1.7539480 1.7121628 1.8881547 1.4513215 1.4556891 1.7531862 0.3254720 0.3227576 1.4639475 1.4241343 1.7531862 1.4639475 1.8827536 
i4b_EAEC2_eck_EC55989_3297    0.8892124 1.6743903 1.2623543 1.9581250 0.9015029 1.3846041 1.3191076 1.3129680 1.7633062 1.2794298 1.3191076 1.3129680 1.7633062 1.3846041 0.9150897 2.0226529 0.9886471 1.8307762 1.7358817 0.0000000 1.9452101 0.8042415 1.8766826 1.9331734 1.3464844 1.7478085 0.9643938 1.8011437 1.0126060 1.3236406 1.2375734 0.9196184 1.2990684 1.3325108 1.3826739 1.7510136 1.2413279 1.8162544 1.3210914 1.3230743 1.2810730 1.3968725 2.0011096 2.0025630 1.2966307 1.7412919 1.7470646 2.0133566 2.0059193 1.2966307 2.0133566 1.3874199 
i2_EAEC3_eck_EC55989_3339     1.9075468 1.4410504 1.7756327 0.3638810 1.8204409 1.8416114 1.7264251 1.9853406 1.3270391 1.6873368 1.7264251 1.9853406 1.3195101 1.8416114 1.7908517 0.2751871 1.6862195 1.5490415 1.4786687 1.9452101 0.0000000 1.7419360 1.6780725 0.1835923 1.8383856 1.4150466 1.7404113 1.5729174 2.1634009 1.7124492 1.7725403 1.8348797 1.8001831 1.8162569 1.7155081 1.4103568 1.9513956 1.4847629 1.8700467 1.8386988 1.6718316 1.8453518 0.2327115 0.2236725 1.7082576 1.5386034 1.5366777 0.2269147 0.2303499 1.7082576 0.2269147 1.8414299 
i4b_Et_etr_ETAE_2430          0.6964874 1.5133658 0.8883523 1.6535762 0.6223164 1.1929356 1.1970041 1.3329723 1.5390935 1.1275444 1.1970041 1.3329723 1.5390935 1.1929356 0.6343958 1.7226651 0.7152448 1.6992441 1.5800737 0.8042415 1.7419360 0.0000000 1.8371027 1.7608352 1.1635989 1.4553614 0.7529345 1.6974745 0.8388092 1.1778690 0.8534727 0.6180421 1.2642599 1.1258923 1.1302363 1.5861231 0.9486054 1.6019724 1.1017826 1.0921572 1.1271619 1.3179707 1.6368413 1.6376329 1.1509385 1.6226776 1.6280879 1.6415661 1.6377918 1.1509385 1.6415661 1.3116179 
i1_Hh_hhe_HH_0247             1.7039467 0.7122370 1.9260636 1.7860971 1.7376775 1.9040868 2.0394920 1.9719635 0.8820214 1.8997031 2.0394920 1.9719635 0.8820214 1.9040868 1.7566153 1.7403212 1.7973915 0.2953042 0.7494863 1.8766826 1.6780725 1.8371027 0.0000000 1.7017271 1.9717693 0.7092526 1.6743342 0.8500161 1.9872355 1.9220900 2.0061255 1.7374093 1.9439625 1.8558626 1.9824116 0.7069498 2.0627607 0.7208450 1.8977234 1.8731172 1.9114874 2.1175152 1.7381610 1.7389157 1.9368205 0.7668887 0.7657373 1.7511518 1.7257796 1.9368205 1.7511518 2.1065559 
i2_Kp1_kpu_KP1_2393           1.9296532 1.4637004 1.7695515 0.4142358 1.8126627 1.9173027 1.7747844 1.9709793 1.3796507 1.6966679 1.7747844 1.9709793 1.3719726 1.9173027 1.7873203 0.2852208 1.7938033 1.6182389 1.5183916 1.9331734 0.1835923 1.7608352 1.7017271 0.0000000 1.7444079 1.4046620 1.7668639 1.5133867 2.1507683 1.7425547 1.8255804 1.8538191 1.8102096 1.8384557 1.8463498 1.3943569 2.0837311 1.5067663 1.8449551 1.8318117 1.7022982 1.9240772 0.2383763 0.2258982 1.7583298 1.5966213 1.5946279 0.2291646 0.2351519 1.7583298 0.2291646 1.9159519 
i3_Pa1_paei_N296_90           1.2656251 1.6640003 1.1604789 1.8367731 1.3105891 0.3884938 0.3919644 0.6533096 1.7419259 0.3766260 0.3919644 0.6533096 1.7419259 0.3884938 1.2808393 1.7921150 1.2454384 1.9144636 1.7717597 1.3464844 1.8383856 1.1635989 1.9717693 1.7444079 0.0000000 1.6823767 1.2058468 1.7512633 1.3045768 0.3676785 1.1304345 1.2836952 0.5858925 0.3882563 0.4228822 1.7050245 1.1108910 1.7163275 0.3997441 0.3874236 0.3890435 0.6531361 1.7874849 1.7944470 0.4050982 1.9496035 1.9557828 1.8071358 1.7787416 0.4050982 1.8071358 0.6475888 
i1_Pa2_paei_N296_1704         1.6963235 0.5118001 1.6620493 1.4652499 1.5954335 1.6698904 1.7009177 1.8203282 0.6016725 1.5725167 1.7009177 1.8203282 0.6016725 1.6698904 1.6380129 1.4729381 1.6959819 0.6897925 0.5965019 1.7478085 1.4150466 1.4553614 0.7092526 1.4046620 1.6823767 0.0000000 1.5190417 0.5564888 1.8203682 1.5993508 1.7253086 1.6411291 1.7153027 1.6257399 1.6092417 0.4423009 1.9324518 0.4566085 1.6806615 1.6902594 1.5546747 1.8144690 1.4515037 1.4418659 1.5915085 0.5801313 0.5768622 1.4521884 1.4402495 1.5915085 1.4521884 1.8085695 
i4b_Pa3_paei_N296_2440        0.8679454 1.4865672 0.9883868 1.7789530 0.8088777 1.1748375 1.1974691 1.3504844 1.5504724 1.1728017 1.1974691 1.3504844 1.5504724 1.1748375 0.8022230 1.7544122 0.2733491 1.6440660 1.6624987 0.9643938 1.7404113 0.7529345 1.6743342 1.7668639 1.2058468 1.5190417 0.0000000 1.6247223 0.5377328 1.1880344 0.9923392 0.7690580 1.3351105 1.1588683 1.1658511 1.5828170 1.0462144 1.6013939 1.1522346 1.1459093 1.1738634 1.3700866 1.7519172 1.7627205 1.1647647 1.6461320 1.6515626 1.7668476 1.7745443 1.1647647 1.7668476 1.3531663 
i1_Pf_pfn_HZ99_05030          1.8082535 0.5080342 1.7847526 1.5970952 1.6810240 1.7120034 1.7256973 1.8499179 0.7318773 1.5923942 1.7256973 1.8499179 0.7318773 1.7120034 1.7141422 1.5894171 1.8963148 0.7606353 0.5072961 1.8011437 1.5729174 1.6974745 0.8500161 1.5133867 1.7512633 0.5564888 1.6247223 0.0000000 1.8748655 1.6504439 1.8422194 1.7600694 1.7206837 1.6510324 1.6653141 0.4546397 2.0215147 0.5860528 1.7794377 1.7522695 1.5791529 1.8432955 1.5493094 1.5772078 1.6151912 0.4716645 0.4686129 1.5883894 1.5614946 1.6151912 1.5883894 1.8356943 
i4a_Pp1_bph_Bphy_5979         0.8915443 1.7301585 1.1215339 1.9909695 0.9028434 1.2954468 1.3121946 1.4219639 1.8306731 1.2325197 1.3121946 1.4219639 1.8306731 1.2954468 0.8851908 2.0576915 0.5891265 1.8805389 1.9789017 1.0126060 2.1634009 0.8388092 1.9872355 2.1507683 1.3045768 1.8203682 0.5377328 1.8748655 0.0000000 1.2889387 1.1612322 0.8752926 1.3768653 1.2455654 1.2711358 1.8555409 1.1730656 1.9031402 1.2624731 1.2580021 1.2420078 1.4017149 2.0447754 2.0575635 1.2484710 1.8728970 1.8789217 2.0622036 2.0574013 1.2484710 2.0622036 1.4030420 
i3_Pp2_bph_Bphy_6113          1.2743523 1.6184530 1.1645248 1.8093810 1.2954588 0.3722367 0.1122784 0.7139968 1.6579702 0.1581136 0.1122784 0.7139968 1.6579702 0.3722367 1.3169344 1.7589318 1.2763681 1.7958596 1.7299696 1.3236406 1.7124492 1.1778690 1.9220900 1.7425547 0.3676785 1.5993508 1.1880344 1.6504439 1.2889387 0.0000000 1.1520496 1.2455130 0.6484595 0.3253975 0.2195881 1.6789155 1.1541677 1.5959749 0.4966102 0.4856600 0.2393379 0.7220373 1.7678137 1.7606638 0.2382254 1.8276590 1.8335845 1.7702961 1.7669213 0.2382254 1.7702961 0.7129494 
i5_Rl_rlb_RLEG3_07670         1.0370007 1.7140696 0.1671700 1.7466861 0.9759844 1.1345511 1.1713140 1.2021264 1.9383002 1.0990333 1.1713140 1.2021264 1.9383002 1.1345511 0.9727901 1.8475574 1.0122044 1.9158201 1.9132589 1.2375734 1.7725403 0.8534727 2.0061255 1.8255804 1.1304345 1.7253086 0.9923392 1.8422194 1.1612322 1.1520496 0.0000000 0.9201914 1.2369359 1.1093249 1.1690080 1.8508378 0.5674583 1.8516238 1.0291147 1.0270406 1.1038408 1.2764740 1.7849065 1.7849167 1.1219560 1.9168339 1.9229868 1.7976588 1.7976761 1.1219560 1.7976588 1.2715048 
i4b_Rs_rso_RSp0744            0.4711544 1.5222191 0.9359567 1.6866600 0.1531858 1.1940953 1.2823289 1.3418154 1.5676012 1.2019291 1.2823289 1.3418154 1.5643702 1.1940953 0.1585346 1.9165287 0.7884736 1.6758383 1.6991825 0.9196184 1.8348797 0.6180421 1.7374093 1.8538191 1.2836952 1.6411291 0.7690580 1.7600694 0.8752926 1.2455130 0.9201914 0.0000000 1.3547917 1.1403727 1.2106154 1.6766806 1.0048563 1.7384802 1.1406739 1.1407215 1.2164934 1.4010296 1.7069663 1.7415482 1.2034646 1.7449942 1.7483010 1.7463052 1.7287812 1.2034646 1.7463052 1.4136674 
i3_Sm1_serf_L085_12850        1.3027258 1.7033330 1.2265869 1.7747190 1.4109909 0.6203354 0.6900714 0.4855510 1.7492833 0.6689355 0.6900714 0.4855510 1.7492833 0.6203354 1.4266881 1.8227209 1.3672601 1.7674255 1.8032354 1.2990684 1.8001831 1.2642599 1.9439625 1.8102096 0.5858925 1.7153027 1.3351105 1.7206837 1.3768653 0.6484595 1.2369359 1.3547917 0.0000000 0.5657034 0.6984692 1.8139308 1.2827754 1.7059744 0.6932527 0.6887630 0.6968805 0.1816554 1.7853137 1.7617989 0.6996623 1.8527620 1.8589116 1.7746525 1.7737315 0.6996623 1.7746525 0.1816554 
i3_Sm2_serf_L085_13775        1.2652575 1.5968454 1.1240306 1.8574029 1.2147235 0.2971493 0.3780735 0.6270000 1.7073146 0.3178574 0.3780735 0.6270000 1.7073146 0.2971493 1.1951527 1.8183236 1.2436187 1.7922775 1.6434454 1.3325108 1.8162569 1.1258923 1.8558626 1.8384557 0.3882563 1.6257399 1.1588683 1.6510324 1.2455654 0.3253975 1.1093249 1.1403727 0.5657034 0.0000000 0.3424254 1.6482518 1.0871083 1.5368169 0.4490658 0.4409840 0.3203051 0.6198159 1.7797563 1.7773579 0.3314318 1.8291043 1.8349770 1.7898320 1.7779427 0.3314318 1.7898320 0.6212439 
i3_Stm_setc_CFSAN001921_16030 1.2798236 1.6319470 1.1441884 1.9145363 1.2644727 0.4179544 0.2734743 0.7790835 1.6905908 0.2109216 0.2734743 0.7790835 1.6905908 0.4179544 1.2745093 1.8130163 1.2623555 1.8473377 1.7084367 1.3826739 1.7155081 1.1302363 1.9824116 1.8463498 0.4228822 1.6092417 1.1658511 1.6653141 1.2711358 0.2195881 1.1690080 1.2106154 0.6984692 0.3424254 0.0000000 1.7563755 1.1189261 1.6698584 0.5131786 0.5037537 0.2789960 0.7442523 1.8489416 1.8518996 0.2858525 1.8597478 1.8657648 1.8618567 1.8640502 0.2858525 1.8618567 0.7475725 
i1_Vc_vcm_VCM66_A0106         1.7177541 0.3194509 1.8679787 1.4321291 1.6777265 1.6769963 1.7585049 1.8554434 0.7120519 1.6475766 1.7585049 1.8554434 0.7097123 1.6769963 1.7178705 1.4293353 1.8211117 0.6880979 0.3973783 1.7510136 1.4103568 1.5861231 0.7069498 1.3943569 1.7050245 0.4423009 1.5828170 0.4546397 1.8555409 1.6789155 1.8508378 1.6766806 1.8139308 1.6482518 1.7563755 0.0000000 1.9626145 0.4911283 1.7455097 1.7740209 1.6290021 1.9613959 1.3898301 1.3927781 1.6845831 0.3503967 0.3475740 1.4027525 1.3911358 1.6845831 1.4027525 1.9564446 
i5_Vp1_vpa_VPA1034            1.0688734 1.8943511 0.6015281 1.8936031 1.0550755 1.1893137 1.1791386 1.3133636 2.1542300 1.1374451 1.1791386 1.3133636 2.1542300 1.1893137 1.0408201 1.8952135 1.0720607 1.9087378 2.0222978 1.2413279 1.9513956 0.9486054 2.0627607 2.0837311 1.1108910 1.9324518 1.0462144 2.0215147 1.1730656 1.1541677 0.5674583 1.0048563 1.2827754 1.0871083 1.1189261 1.9626145 0.0000000 2.0070794 1.0793363 1.0552564 1.1350382 1.3682030 1.9891320 1.9724073 1.1454959 2.0532611 2.0597617 1.9768826 2.0002342 1.1454959 1.9768826 1.3665339 
i1_Vp2_vpa_VP1403             1.8592138 0.4951310 1.8353227 1.5014805 1.6850926 1.5606609 1.6894046 1.8694433 0.7458996 1.4751325 1.6894046 1.8694433 0.7458996 1.5606609 1.7126175 1.5534363 1.7767075 0.6526286 0.5896022 1.8162544 1.4847629 1.6019724 0.7208450 1.5067663 1.7163275 0.4566085 1.6013939 0.5860528 1.9031402 1.5959749 1.8516238 1.7384802 1.7059744 1.5368169 1.6698584 0.4911283 2.0070794 0.0000000 1.7505318 1.7538270 1.5630317 1.7921570 1.5043113 1.5055329 1.5947236 0.5624584 0.5592490 1.5162610 1.4417342 1.5947236 1.5162610 1.7871485 
i3_Xc_xac_XAC4146             1.1892848 1.6585919 1.0907604 1.8879956 1.1705195 0.4702894 0.5206758 0.7409232 1.8009474 0.4728421 0.5206758 0.7409232 1.8009474 0.4702894 1.1519397 1.8279663 1.1687313 1.8374850 1.7823395 1.3210914 1.8700467 1.1017826 1.8977234 1.8449551 0.3997441 1.6806615 1.1522346 1.7794377 1.2624731 0.4966102 1.0291147 1.1406739 0.6932527 0.4490658 0.5131786 1.7455097 1.0793363 1.7505318 0.0000000 0.0208047 0.4804735 0.7182975 1.7929539 1.8186717 0.4860225 1.8768381 1.8828933 1.8316612 1.7966602 0.4860225 1.8316612 0.7102059 
i3_Xp_xph_XppCFBP6546_13680   1.1990801 1.6387780 1.1056243 1.8486243 1.1669046 0.4604443 0.5070720 0.7336750 1.7910016 0.4592957 0.5070720 0.7336750 1.7910016 0.4604443 1.1467453 1.8032399 1.1541674 1.8331010 1.7539480 1.3230743 1.8386988 1.0921572 1.8731172 1.8318117 0.3874236 1.6902594 1.1459093 1.7522695 1.2580021 0.4856600 1.0270406 1.1407215 0.6887630 0.4409840 0.5037537 1.7740209 1.0552564 1.7538270 0.0208047 0.0000000 0.4754887 0.7163487 1.7924878 1.8181994 0.4794333 1.8862996 1.8923564 1.8311853 1.7923438 0.4794333 1.8311853 0.7083173 
i3_Ye_yet_CH48_3194           1.2346009 1.5486137 1.1330428 1.7805760 1.2586757 0.3810132 0.2485106 0.7234913 1.5663378 0.1696771 0.2485106 0.7234913 1.5663378 0.3810132 1.2355173 1.7414463 1.2408994 1.8287072 1.7121628 1.2810730 1.6718316 1.1271619 1.9114874 1.7022982 0.3890435 1.5546747 1.1738634 1.5791529 1.2420078 0.2393379 1.1038408 1.2164934 0.6968805 0.3203051 0.2789960 1.6290021 1.1350382 1.5630317 0.4804735 0.4754887 0.0000000 0.7034773 1.7696742 1.7759404 0.0310796 1.8378077 1.8437717 1.7856613 1.7755399 0.0310796 1.7856613 0.7001847 
i3_Yp1_ype_YPO0501            1.3866762 1.7986199 1.2641548 1.9085552 1.4667348 0.6835411 0.7503069 0.5377463 1.7848340 0.6971186 0.7503069 0.5377463 1.7848340 0.6835411 1.4591889 1.8435213 1.3864709 1.8856105 1.8881547 1.3968725 1.8453518 1.3179707 2.1175152 1.9240772 0.6531361 1.8144690 1.3700866 1.8432955 1.4017149 0.7220373 1.2764740 1.4010296 0.1816554 0.6198159 0.7442523 1.9613959 1.3682030 1.7921570 0.7182975 0.7163487 0.7034773 0.0000000 1.8890837 1.8481857 0.7173427 1.9843186 1.9905619 1.8611319 1.8969759 0.7173427 1.8611319 0.0040826 
i2_Yp2_ype_YPO0977            1.9040635 1.4383721 1.7212710 0.3634669 1.7176018 1.9045541 1.7570429 1.9677421 1.4364641 1.7608511 1.7570429 1.9677421 1.4286701 1.9045541 1.7114401 0.2736084 1.7843509 1.5430016 1.4513215 2.0011096 0.2327115 1.6368413 1.7381610 0.2383763 1.7874849 1.4515037 1.7519172 1.5493094 2.0447754 1.7678137 1.7849065 1.7069663 1.7853137 1.7797563 1.8489416 1.3898301 1.9891320 1.5043113 1.7929539 1.7924878 1.7696742 1.8890837 0.0000000 0.0080776 1.7977628 1.5595173 1.5575841 0.0101294 0.0272293 1.7977628 0.0101294 1.8851892 
i2_Yp3_ype_YPO1466            1.9160179 1.4513098 1.7379465 0.3546674 1.7379018 1.9292086 1.7570636 1.9592433 1.4290998 1.7582896 1.7570636 1.9592433 1.4213345 1.9292086 1.7318095 0.2657887 1.7938044 1.5555496 1.4556891 2.0025630 0.2236725 1.6376329 1.7389157 0.2258982 1.7944470 1.4418659 1.7627205 1.5772078 2.0575635 1.7606638 1.7849167 1.7415482 1.7617989 1.7773579 1.8518996 1.3927781 1.9724073 1.5055329 1.8186717 1.8181994 1.7759404 1.8481857 0.0080776 0.0000000 1.8030454 1.5577051 1.5557780 0.0020073 0.0314079 1.8030454 0.0020073 1.8442728 
i3_Yp5_ype_YPO2938            1.2434867 1.5996490 1.1382063 1.7790272 1.2674178 0.3927257 0.2473905 0.7305273 1.6000186 0.1817177 0.2473905 0.7305273 1.6000186 0.3927257 1.2368968 1.7324587 1.2272738 1.8766149 1.7531862 1.2966307 1.7082576 1.1509385 1.9368205 1.7583298 0.4050982 1.5915085 1.1647647 1.6151912 1.2484710 0.2382254 1.1219560 1.2034646 0.6996623 0.3314318 0.2858525 1.6845831 1.1454959 1.5947236 0.4860225 0.4794333 0.0310796 0.7173427 1.7977628 1.8030454 0.0000000 1.8745902 1.8806134 1.8128288 1.8006415 0.0000010 1.8128288 0.7114267 
i1_Yp6_ype_YPO3706            1.7790236 0.2580105 1.9136751 1.5952694 1.6739351 1.8630003 1.8888749 2.0834943 0.7683579 1.7968941 1.8888749 2.0834943 0.7683579 1.8630003 1.7306949 1.5010988 1.8544567 0.7037625 0.3254720 1.7412919 1.5386034 1.6226776 0.7668887 1.5966213 1.9496035 0.5801313 1.6461320 0.4716645 1.8728970 1.8276590 1.9168339 1.7449942 1.8527620 1.8291043 1.8597478 0.3503967 2.0532611 0.5624584 1.8768381 1.8862996 1.8378077 1.9843186 1.5595173 1.5577051 1.8745902 0.0000000 0.0020290 1.5687292 1.5507093 1.8745902 1.5687292 1.9748846 
i1_Yps1_ypi_YpsIP31758_0314   1.7847349 0.2554253 1.9198113 1.5932904 1.6771503 1.8689375 1.8949340 2.0900101 0.7720756 1.8027488 1.8949340 2.0900101 0.7720756 1.8689375 1.7339900 1.4992175 1.8604009 0.7026577 0.3227576 1.7470646 1.5366777 1.6280879 0.7657373 1.5946279 1.9557828 0.5768622 1.6515626 0.4686129 1.8789217 1.8335845 1.9229868 1.7483010 1.8589116 1.8349770 1.8657648 0.3475740 2.0597617 0.5592490 1.8828933 1.8923564 1.8437717 1.9905619 1.5575841 1.5557780 1.8806134 0.0020290 0.0000000 1.5667906 1.5487879 1.8806134 1.5667906 1.9811246 
i2_Yps2_ypi_YpsIP31758_0727   1.9263116 1.4616076 1.7502457 0.3586375 1.7426544 1.9428982 1.7666646 1.9731734 1.4204760 1.7678568 1.7666646 1.9731734 1.4127394 1.9428982 1.7365788 0.2693514 1.7979740 1.5579601 1.4639475 2.0133566 0.2269147 1.6415661 1.7511518 0.2291646 1.8071358 1.4521884 1.7668476 1.5883894 2.0622036 1.7702961 1.7976588 1.7463052 1.7746525 1.7898320 1.8618567 1.4027525 1.9768826 1.5162610 1.8316612 1.8311853 1.7856613 1.8611319 0.0101294 0.0020073 1.8128288 1.5687292 1.5667906 0.0000000 0.0335917 1.8128288 0.0000010 1.8572294 
i2_Yps3_ypi_YpsIP31758_0778   1.8943068 1.4455835 1.7373872 0.3582596 1.7348776 1.8998113 1.7376636 1.9737824 1.4466679 1.7453902 1.7376636 1.9737824 1.4388457 1.8998113 1.7034641 0.2632037 1.7968105 1.5475070 1.4241343 2.0059193 0.2303499 1.6377918 1.7257796 0.2351519 1.7787416 1.4402495 1.7745443 1.5614946 2.0574013 1.7669213 1.7976761 1.7287812 1.7737315 1.7779427 1.8640502 1.3911358 2.0002342 1.4417342 1.7966602 1.7923438 1.7755399 1.8969759 0.0272293 0.0314079 1.8006415 1.5507093 1.5487879 0.0335917 0.0000000 1.8006415 0.0335917 1.8931044 
i3_Yps4_ypi_YpsIP31758_1368   1.2434867 1.5996490 1.1382063 1.7790272 1.2674178 0.3927257 0.2473905 0.7305273 1.6000186 0.1817177 0.2473905 0.7305273 1.6000186 0.3927257 1.2368968 1.7324587 1.2272738 1.8766149 1.7531862 1.2966307 1.7082576 1.1509385 1.9368205 1.7583298 0.4050982 1.5915085 1.1647647 1.6151912 1.2484710 0.2382254 1.1219560 1.2034646 0.6996623 0.3314318 0.2858525 1.6845831 1.1454959 1.5947236 0.4860225 0.4794333 0.0310796 0.7173427 1.7977628 1.8030454 0.0000010 1.8745902 1.8806134 1.8128288 1.8006415 0.0000000 1.8128288 0.7114267 
i2_Yps5_ypi_YpsIP31758_2510   1.9263116 1.4616076 1.7502457 0.3586375 1.7426544 1.9428982 1.7666646 1.9731734 1.4204760 1.7678568 1.7666646 1.9731734 1.4127394 1.9428982 1.7365788 0.2693514 1.7979740 1.5579601 1.4639475 2.0133566 0.2269147 1.6415661 1.7511518 0.2291646 1.8071358 1.4521884 1.7668476 1.5883894 2.0622036 1.7702961 1.7976588 1.7463052 1.7746525 1.7898320 1.8618567 1.4027525 1.9768826 1.5162610 1.8316612 1.8311853 1.7856613 1.8611319 0.0101294 0.0020073 1.8128288 1.5687292 1.5667906 0.0000010 0.0335917 1.8128288 0.0000000 1.8572294 
i3_Yps6_ypi_YpsIP31758_3435   1.3900055 1.7825211 1.2592689 1.9007722 1.4613002 0.6783585 0.7422351 0.5367413 1.7956688 0.6937545 0.7422351 0.5367413 1.7956688 0.6783585 1.4537559 1.8395875 1.3880730 1.8856448 1.8827536 1.3874199 1.8414299 1.3116179 2.1065559 1.9159519 0.6475888 1.8085695 1.3531663 1.8356943 1.4030420 0.7129494 1.2715048 1.4136674 0.1816554 0.6212439 0.7475725 1.9564446 1.3665339 1.7871485 0.7102059 0.7083173 0.7001847 0.0040826 1.8851892 1.8442728 0.7114267 1.9748846 1.9811246 1.8572294 1.8931044 0.7114267 1.8572294 0.0000000 
