37
i4b_Ab_abaz_P795_10895      0.0000000 2.5897316 2.9265216 1.3194363 3.1030917 3.2647258 1.3341376 3.6631780 2.9483817 3.1274932 3.3650790 3.8117087 3.0419919 1.3341376 2.0719857 2.2624335 4.1783108 3.6349947 1.7301133 3.0002757 2.1713064 3.5307692 2.5243135 2.8836200 2.3047435 1.5344429 2.3649354 2.6430248 2.7202850 2.3981542 2.3981644 3.1481357 3.1129099 2.0958125 3.5052755 3.1129099 3.1481357 
i5_At_atf_Ach5_45050        2.5897316 0.0000000 3.7581419 2.2437681 3.5452502 3.6673001 2.3843428 3.8831269 3.0807755 3.1387205 3.6749618 4.0465407 3.5105432 2.3843428 2.4552229 2.7992650 4.2370906 4.0668619 2.3543466 3.8350318 2.9249615 3.2003745 4.0635656 3.2628463 0.3541845 2.4814456 3.2801035 3.1263237 3.1499154 3.0801412 3.0127628 3.0189909 3.8156157 2.6831623 4.2819519 3.8156157 3.0189909 
i2_Bc1_bceo_I35_4151        2.9265216 3.7581419 0.0000000 3.2837419 4.4694550 5.0456059 3.1462218 4.5669075 3.1876175 4.0628331 5.1629262 4.8684287 4.5110707 3.2229086 2.7704709 3.8311429 4.8379454 1.2499513 3.0286189 3.6981777 2.8505094 3.3298101 4.2499284 4.6860186 3.5920438 2.8071797 4.0054458 2.9603469 4.0085106 3.8618070 3.9764339 3.9433845 3.8064077 3.1066047 1.4663798 3.8064077 3.9433845 
i4b_Bc2_bceo_I35_0335       1.3194363 2.2437681 3.2837419 0.0000000 2.7019532 2.7614635 0.0945993 3.0772032 2.9784401 2.4006799 2.7610644 3.1951040 2.6697924 0.0945993 2.1580646 2.3605192 3.4655139 3.1101339 1.4263327 2.1008084 2.2255588 3.5162920 2.8758515 2.3293433 2.1975521 0.4009977 2.2876528 2.2463532 2.5496134 2.3030073 2.2930279 2.7897642 2.7859038 2.4692508 3.0316858 2.7859038 2.7897642 
i3_Bm1_bmal_DM55_3342       3.1030917 3.5452502 4.4694550 2.7019532 0.0000000 1.9018095 2.6604712 2.8272175 4.1542333 2.0054382 1.8192052 2.9093531 0.0062596 2.7010854 2.8919874 3.4834739 4.1158187 4.1517601 3.1201876 1.5724730 3.7310630 3.0972451 3.9277403 1.7431843 3.3956656 2.6703385 3.8867244 3.3224253 3.8049656 1.4861370 1.4765218 2.7455703 2.0356112 3.4460533 4.1294704 2.0356112 2.7455703 
i3_Bm2_bmal_DM55_3882       3.2647258 3.6673001 5.0456059 2.7614635 1.9018095 0.0000000 2.7386947 2.5152681 3.6303085 1.3187417 0.0118630 2.6006641 1.9018095 2.7386947 2.2639680 3.1464840 3.9838231 4.7309974 3.1667903 1.8832740 2.8939105 3.4424193 3.5885770 0.5617790 3.9293935 3.0202328 4.1899755 3.4179372 3.6778843 1.8979646 1.9240359 2.4634006 1.3806518 3.4291535 4.1810378 1.3806518 2.4634006 
i4b_Bm3_bmal_DM55_873       1.3341376 2.3843428 3.1462218 0.0945993 2.6604712 2.7386947 0.0000000 3.1026911 3.0527851 2.4560219 2.7379427 3.2217306 2.6284651 0.0000010 2.1682662 2.3809377 3.4413821 3.1476470 1.4301176 2.1557992 2.2475850 3.4807949 2.9122272 2.3478816 2.3129939 0.3755237 2.2714315 2.2022327 2.5552839 2.3428431 2.3326792 2.8618210 2.8564663 2.4513510 3.0642382 2.8564663 2.8618210 
i3_Bm4_bmal_DM55_4024       3.6631780 3.8831269 4.5669075 3.0772032 2.8272175 2.5152681 3.1026911 0.0000000 3.6954735 3.1468010 2.5773650 0.0077608 2.7912404 3.1026911 3.4659271 2.6487893 3.6299536 4.5085385 3.6060669 2.5801098 2.6960632 3.9415765 3.4050909 2.5710553 4.3449790 2.9964537 3.6636253 3.2369899 2.8691517 2.3913578 2.2812251 2.0879462 2.9650262 3.0157568 4.5392731 2.9650262 2.0879462 
i1_Bm5_bmal_DM55_4701       2.9483817 3.0807755 3.1876175 2.9784401 4.1542333 3.6303085 3.0527851 3.6954735 0.0000000 4.0754237 3.6457328 3.8442284 4.0455605 3.0527851 3.2368136 3.6491659 3.8193809 2.8104815 2.5988597 3.4524406 2.8503691 2.6760603 3.6458586 3.5796494 3.0811626 3.0664540 3.5899099 3.1875090 2.9088346 3.3345983 3.3305441 4.2572061 4.5247222 3.5125857 2.8437505 4.5247222 4.2572061 
i3_Bps1_bps_BPSS0113        3.1274932 3.1387205 4.0628331 2.4006799 2.0054382 1.3187417 2.4560219 3.1468010 4.0754237 0.0000000 1.3141234 3.1468010 2.0054382 2.4560219 2.3252425 2.5828115 3.2115261 3.9972026 2.7353334 2.0923327 3.4804919 3.4647089 3.6267423 1.2673954 3.1516860 2.5206858 4.4441568 3.4366820 3.7279382 2.1202001 2.1200665 2.7012751 1.5060330 2.9195473 3.7293221 1.5060330 2.7012751 
i3_Bps2_bps_BPSS0177        3.3650790 3.6749618 5.1629262 2.7610644 1.8192052 0.0118630 2.7379427 2.5773650 3.6457328 1.3141234 0.0000000 2.5773650 1.8192052 2.7379427 2.3428881 3.0653471 3.9051679 4.5875234 3.1355909 1.8873399 2.9146495 3.4944562 3.5418294 0.5777060 3.9472909 3.0240812 4.2333508 3.4292649 3.6411351 1.9106458 1.9371765 2.5376271 1.3946273 3.4882891 4.2037242 1.3946273 2.5376271 
i3_Bps3_bps_BPSS0519        3.8117087 4.0465407 4.8684287 3.1951040 2.9093531 2.6006641 3.2217306 0.0077608 3.8442284 3.1468010 2.5773650 0.0000000 2.8526438 3.2693497 3.6296162 2.6487893 3.6299536 4.5085385 3.6060669 2.6708696 2.8005430 4.1115677 3.4050909 2.6574428 4.5339654 3.1110994 3.8164192 3.2369899 2.9171474 2.4743944 2.3591158 2.1597562 2.9650262 3.1316255 4.5895595 2.9650262 2.1597562 
i3_Bps5_bps_BPSS2097        3.0419919 3.5105432 4.5110707 2.6697924 0.0062596 1.9018095 2.6284651 2.7912404 4.0455605 2.0054382 1.8192052 2.8526438 0.0000000 2.6786137 2.8919874 3.3397595 4.1158187 4.1165288 3.1201876 1.5724730 3.7333475 3.0950669 3.9277403 1.7431843 3.3627263 2.6662485 3.7038011 3.3224253 3.7953013 1.4861370 1.4765218 2.7153191 2.0356112 3.4279826 4.0823970 2.0356112 2.7153191 
i4b_Bps6_bps_BPSL3104       1.3341376 2.3843428 3.2229086 0.0945993 2.7010854 2.7386947 0.0000010 3.1026911 3.0527851 2.4560219 2.7379427 3.2693497 2.6786137 0.0000000 2.1682662 2.3809377 3.4413821 3.1476470 1.4301176 2.1557992 2.2475850 3.4807949 2.9122272 2.3478816 2.3129939 0.3755237 2.2714315 2.2022327 2.5721418 2.3428431 2.3326792 2.8618210 2.8564663 2.4513510 3.1342848 2.8564663 2.8618210 
i1_Cj_cjl_PJ17_05125        2.0719857 2.4552229 2.7704709 2.1580646 2.8919874 2.2639680 2.1682662 3.4659271 3.2368136 2.3252425 2.3428881 3.6296162 2.8919874 2.1682662 0.0000000 2.3532170 3.3952549 3.5761009 2.2916454 2.6763816 2.4304834 2.5646949 2.0660126 2.2063358 2.2258537 2.2085253 2.4959464 2.7022970 2.5052728 2.2217084 2.2149139 2.9272935 2.4954279 2.0575089 4.0722151 2.4954279 2.9272935 
i1_EAEC1_eck_EC55989_0230   2.2624335 2.7992650 3.8311429 2.3605192 3.4834739 3.1464840 2.3809377 2.6487893 3.6491659 2.5828115 3.0653471 2.6487893 3.3397595 2.3809377 2.3532170 0.0000000 3.4713390 3.8648809 1.7758574 3.3694396 2.4408606 3.0043156 2.3802932 2.9949810 2.7203384 2.3337189 1.8315735 3.4425010 3.0413580 3.2776693 3.2535161 3.1373649 3.0572495 1.5139166 3.9050952 3.0572495 3.1373649 
i4b_EAEC2_eck_EC55989_3295  4.1783108 4.2370906 4.8379454 3.4655139 4.1158187 3.9838231 3.4413821 3.6299536 3.8193809 3.2115261 3.9051679 3.6299536 4.1158187 3.4413821 3.3952549 3.4713390 0.0000000 5.3076175 3.6077248 3.9785001 3.2774413 4.8879974 3.7284034 3.8870187 4.7331268 3.7531695 3.6260728 4.2004136 4.2616528 3.5650684 3.5833921 4.4899925 4.0276018 3.4422326 5.2402174 4.0276018 4.4899925 
i2_EAEC3_eck_EC55989_3319   3.6349947 4.0668619 1.2499513 3.1101339 4.1517601 4.7309974 3.1476470 4.5085385 2.8104815 3.9972026 4.5875234 4.5085385 4.1165288 3.1476470 3.5761009 3.8648809 5.3076175 0.0000000 3.4364141 3.0717388 2.7648924 3.6316641 4.3999903 5.3052547 3.7732010 3.1159690 4.1854807 2.9306866 3.3869144 3.9149268 3.9973394 4.7911512 3.6421322 3.9495788 0.4659493 3.6421322 4.7911512 
i4b_Et_etr_ETAE_2433        1.7301133 2.3543466 3.0286189 1.4263327 3.1201876 3.1667903 1.4301176 3.6060669 2.5988597 2.7353334 3.1355909 3.6060669 3.1201876 1.4301176 2.2916454 1.7758574 3.6077248 3.4364141 0.0000000 2.8468757 1.7454499 2.8349605 2.6405220 2.5108544 2.2040622 1.5601099 2.1755149 2.4829167 1.9644086 2.6528028 2.6460898 2.7111477 3.0816468 1.9326455 3.2198388 3.0816468 2.7111477 
i3_Pa1_paei_N296_93         3.0002757 3.8350318 3.6981777 2.1008084 1.5724730 1.8832740 2.1557992 2.5801098 3.4524406 2.0923327 1.8873399 2.6708696 1.5724730 2.1557992 2.6763816 3.3694396 3.9785001 3.0717388 2.8468757 0.0000000 2.6494769 3.4516645 3.5492424 1.7778109 3.6936617 2.0187961 3.4491343 3.1578595 2.7941229 1.1685883 1.1777117 2.6140306 2.4162740 3.0010793 3.2044908 2.4162740 2.6140306 
i1_Pa2_paei_N296_1705       2.1713064 2.9249615 2.8505094 2.2255588 3.7310630 2.8939105 2.2475850 2.6960632 2.8503691 3.4804919 2.9146495 2.8005430 3.7333475 2.2475850 2.4304834 2.4408606 3.2774413 2.7648924 1.7454499 2.6494769 0.0000000 2.4837201 3.2032124 3.0767581 2.7231667 2.0482535 2.3393567 2.3332308 2.3445703 3.1868229 3.2238379 3.3311905 3.1080086 2.3870482 2.3648478 3.1080086 3.3311905 
i4b_Pa3_paei_N296_2442      3.5307692 3.2003745 3.3298101 3.5162920 3.0972451 3.4424193 3.4807949 3.9415765 2.6760603 3.4647089 3.4944562 4.1115677 3.0950669 3.4807949 2.5646949 3.0043156 4.8879974 3.6316641 2.8349605 3.4516645 2.4837201 0.0000000 3.3948697 3.6973893 3.0172541 3.1745572 2.6286157 3.2661082 2.6289866 3.3398491 3.2947485 4.1848820 3.2703249 2.7943523 3.6419874 3.2703249 4.1848820 
i1_Pf_pfn_HZ99_05035        2.5243135 4.0635656 4.2499284 2.8758515 3.9277403 3.5885770 2.9122272 3.4050909 3.6458586 3.6267423 3.5418294 3.4050909 3.9277403 2.9122272 2.0660126 2.3802932 3.7284034 4.3999903 2.6405220 3.5492424 3.2032124 3.3948697 0.0000000 3.3815549 3.8946484 2.9964893 2.3281691 3.5656408 2.5299174 2.8853277 2.8802910 3.1882042 4.1087591 1.9569991 3.8890299 4.1087591 3.1882042 
i3_Pp2_bph_Bphy_6118        2.8836200 3.2628463 4.6860186 2.3293433 1.7431843 0.5617790 2.3478816 2.5710553 3.5796494 1.2673954 0.5777060 2.6574428 1.7431843 2.3478816 2.2063358 2.9949810 3.8870187 5.3052547 2.5108544 1.7778109 3.0767581 3.6973893 3.3815549 0.0000000 3.5215123 2.4901172 3.7436952 2.8468329 3.3516149 1.8766068 1.8560016 2.2414082 1.7454962 3.4262804 4.6352999 1.7454962 2.2414082 
i5_Rl_rlb_RLEG3_07655       2.3047435 0.3541845 3.5920438 2.1975521 3.3956656 3.9293935 2.3129939 4.3449790 3.0811626 3.1516860 3.9472909 4.5339654 3.3627263 2.3129939 2.2258537 2.7203384 4.7331268 3.7732010 2.2040622 3.6936617 2.7231667 3.0172541 3.8946484 3.5215123 0.0000000 2.4291990 3.0743103 2.9464763 3.4491992 3.2381401 3.1498589 3.1930952 3.9564736 2.7943676 4.1375752 3.9564736 3.1930952 
i4b_Rs_rso_RSp0746          1.5344429 2.4814456 2.8071797 0.4009977 2.6703385 3.0202328 0.3755237 2.9964537 3.0664540 2.5206858 3.0240812 3.1110994 2.6662485 0.3755237 2.2085253 2.3337189 3.7531695 3.1159690 1.5601099 2.0187961 2.0482535 3.1745572 2.9964893 2.4901172 2.4291990 0.0000000 2.4469403 2.1646574 2.2824726 2.3646471 2.3673554 2.9709261 3.1375122 2.4209754 2.9825138 3.1375122 2.9709261 
i1_Vc_vcm_VCM66_A0107       2.3649354 3.2801035 4.0054458 2.2876528 3.8867244 4.1899755 2.2714315 3.6636253 3.5899099 4.4441568 4.2333508 3.8164192 3.7038011 2.2714315 2.4959464 1.8315735 3.6260728 4.1854807 2.1755149 3.4491343 2.3393567 2.6286157 2.3281691 3.7436952 3.0743103 2.4469403 0.0000000 3.1890170 2.7721350 3.1337394 3.1177470 3.8235047 4.3537111 1.7381008 4.2694028 4.3537111 3.8235047 
i5_Vp1_vpa_VPA1031          2.6430248 3.1263237 2.9603469 2.2463532 3.3224253 3.4179372 2.2022327 3.2369899 3.1875090 3.4366820 3.4292649 3.2369899 3.3224253 2.2022327 2.7022970 3.4425010 4.2004136 2.9306866 2.4829167 3.1578595 2.3332308 3.2661082 3.5656408 2.8468329 2.9464763 2.1646574 3.1890170 0.0000000 3.2204133 2.8233020 2.8803409 3.7018381 3.6341983 2.6999322 2.8554837 3.6341983 3.7018381 
i1_Vp2_vpa_VP1404           2.7202850 3.1499154 4.0085106 2.5496134 3.8049656 3.6778843 2.5552839 2.8691517 2.9088346 3.7279382 3.6411351 2.9171474 3.7953013 2.5721418 2.5052728 3.0413580 4.2616528 3.3869144 1.9644086 2.7941229 2.3445703 2.6289866 2.5299174 3.3516149 3.4491992 2.2824726 2.7721350 3.2204133 0.0000000 3.2199508 3.2141709 3.9699028 3.2910233 2.5050697 3.4809707 3.2910233 3.9699028 
i3_Xc_xac_XAC4143           2.3981542 3.0801412 3.8618070 2.3030073 1.4861370 1.8979646 2.3428431 2.3913578 3.3345983 2.1202001 1.9106458 2.4743944 1.4861370 2.3428431 2.2217084 3.2776693 3.5650684 3.9149268 2.6528028 1.1685883 3.1868229 3.3398491 2.8853277 1.8766068 3.2381401 2.3646471 3.1337394 2.8233020 3.2199508 0.0000000 0.0249365 2.1895210 2.2265027 3.3346332 3.2969639 2.2265027 2.1895210 
i3_Xp_xph_XppCFBP6546_13700 2.3981644 3.0127628 3.9764339 2.2930279 1.4765218 1.9240359 2.3326792 2.2812251 3.3305441 2.1200665 1.9371765 2.3591158 1.4765218 2.3326792 2.2149139 3.2535161 3.5833921 3.9973394 2.6460898 1.1777117 3.2238379 3.2947485 2.8802910 1.8560016 3.1498589 2.3673554 3.1177470 2.8803409 3.2141709 0.0249365 0.0000000 2.1414251 2.2010926 3.2335707 3.3662742 2.2010926 2.1414251 
i3_Yp1_ype_YPO0503          3.1481357 3.0189909 3.9433845 2.7897642 2.7455703 2.4634006 2.8618210 2.0879462 4.2572061 2.7012751 2.5376271 2.1597562 2.7153191 2.8618210 2.9272935 3.1373649 4.4899925 4.7911512 2.7111477 2.6140306 3.3311905 4.1848820 3.1882042 2.2414082 3.1930952 2.9709261 3.8235047 3.7018381 3.9699028 2.1895210 2.1414251 0.0000000 3.1320029 3.1739095 4.0901313 3.1320029 0.0000010 
i3_Yp4_ype_YPO2728          3.1129099 3.8156157 3.8064077 2.7859038 2.0356112 1.3806518 2.8564663 2.9650262 4.5247222 1.5060330 1.3946273 2.9650262 2.0356112 2.8564663 2.4954279 3.0572495 4.0276018 3.6421322 3.0816468 2.4162740 3.1080086 3.2703249 4.1087591 1.7454962 3.9564736 3.1375122 4.3537111 3.6341983 3.2910233 2.2265027 2.2010926 3.1320029 0.0000000 3.5573998 3.8554264 0.0000010 3.1320029 
i1_Yps1_ypi_YpsIP31758_0315 2.0958125 2.6831623 3.1066047 2.4692508 3.4460533 3.4291535 2.4513510 3.0157568 3.5125857 2.9195473 3.4882891 3.1316255 3.4279826 2.4513510 2.0575089 1.5139166 3.4422326 3.9495788 1.9326455 3.0010793 2.3870482 2.7943523 1.9569991 3.4262804 2.7943676 2.4209754 1.7381008 2.6999322 2.5050697 3.3346332 3.2335707 3.1739095 3.5573998 0.0000000 3.6513999 3.5573998 3.1739095 
i2_Yps3_ypi_YpsIP31758_0803 3.5052755 4.2819519 1.4663798 3.0316858 4.1294704 4.1810378 3.0642382 4.5392731 2.8437505 3.7293221 4.2037242 4.5895595 4.0823970 3.1342848 4.0722151 3.9050952 5.2402174 0.4659493 3.2198388 3.2044908 2.3648478 3.6419874 3.8890299 4.6352999 4.1375752 2.9825138 4.2694028 2.8554837 3.4809707 3.2969639 3.3662742 4.0901313 3.8554264 3.6513999 0.0000000 3.8554264 4.0901313 
i3_Yps4_ypi_YpsIP31758_1378 3.1129099 3.8156157 3.8064077 2.7859038 2.0356112 1.3806518 2.8564663 2.9650262 4.5247222 1.5060330 1.3946273 2.9650262 2.0356112 2.8564663 2.4954279 3.0572495 4.0276018 3.6421322 3.0816468 2.4162740 3.1080086 3.2703249 4.1087591 1.7454962 3.9564736 3.1375122 4.3537111 3.6341983 3.2910233 2.2265027 2.2010926 3.1320029 0.0000010 3.5573998 3.8554264 0.0000000 3.1320029 
i3_Yps6_ypi_YpsIP31758_3433 3.1481357 3.0189909 3.9433845 2.7897642 2.7455703 2.4634006 2.8618210 2.0879462 4.2572061 2.7012751 2.5376271 2.1597562 2.7153191 2.8618210 2.9272935 3.1373649 4.4899925 4.7911512 2.7111477 2.6140306 3.3311905 4.1848820 3.1882042 2.2414082 3.1930952 2.9709261 3.8235047 3.7018381 3.9699028 2.1895210 2.1414251 0.0000010 3.1320029 3.1739095 4.0901313 3.1320029 0.0000000 
