48
i4b_Ab_abaz_P795_10965        0.0000000 2.4744279 3.0753766 2.4191823 2.5747399 3.2049271 2.9537584 3.3685093 2.0284098 3.2054551 2.9204464 3.3422985 2.5747399 2.6743901 2.8505416 2.7558349 2.7651084 2.4500001 2.4680682 3.2003923 2.1620731 2.3377803 2.4066667 2.7822891 2.7070291 2.9718448 2.8852831 2.9323943 3.2966801 2.0829859 2.9149846 2.5825737 2.6031568 2.6166636 2.6078089 2.7697748 2.7369201 2.8987101 2.7514853 2.1189020 2.1435232 2.7492763 2.5448914 2.1276656 2.0976623 2.7965069 2.1569377 2.7908749 
i1_Ah_ahj_V469_13195          2.4744279 0.0000000 2.0587838 2.5508395 1.9493182 2.2820548 2.3601446 2.5932593 3.0329882 2.2764843 2.3576004 2.5939367 1.9493182 1.7724235 2.6031281 1.4917003 2.2122372 2.7104495 1.8430914 2.7445753 2.5676339 2.6435257 1.8239293 1.8555714 1.6118727 2.0097608 2.1412893 2.6793724 2.2317713 2.7832439 2.3272724 2.1163062 2.2879787 0.9579005 1.9083022 2.1337731 2.1247801 2.4591642 2.2849626 2.4238192 2.4251192 2.4316432 1.0839375 2.4434136 2.5673526 2.4820666 2.3755658 2.3322019 
i5_At_atf_Ach5_45150          3.0753766 2.0587838 0.0000000 3.1946254 2.0814581 2.4516736 2.4045317 2.9824272 2.8073600 2.4373530 2.3962816 2.9808455 2.0814581 2.1217953 2.9688393 2.1098783 2.4462364 2.8415105 1.9035318 3.1683107 2.8553618 2.8069163 1.7744355 1.9816171 2.8275192 2.1118915 2.2397827 2.9111863 0.4543771 2.6238715 2.4922767 2.2576684 2.1261214 2.1039065 1.9053493 2.2045807 2.2179797 2.1893859 2.4836088 2.8752124 2.9090274 2.1087553 2.2640181 2.9119671 2.8925992 2.1715729 2.8799885 2.4805546 
i2_Bc1_bceo_I35_4159          2.4191823 2.5508395 3.1946254 0.0000000 3.1211972 3.1930066 2.9528261 2.5252571 2.9294577 3.1784813 2.9603516 2.5192769 3.1211972 2.7232281 3.2889479 2.9359168 2.6329407 1.4938608 2.4404519 3.4322609 1.4588379 1.5080502 2.5421519 2.6921022 3.1923490 2.6382663 2.9703503 3.0568602 3.3209207 2.5289556 3.1515443 2.9226912 3.1792043 2.5430295 2.7589289 2.9679795 2.9847055 3.0610222 3.1774533 1.4011441 1.4114706 3.0256389 2.4072690 1.3892745 1.4284438 3.0827137 1.4067593 3.1920365 
i3_Bm1_bmal_DM55_3338         2.5747399 1.9493182 2.0814581 3.1211972 0.0000000 1.5805778 2.2089998 2.8537027 2.5838003 1.5775074 2.1868675 2.8536834 0.0000010 1.8801485 2.7316992 2.2918415 2.4441429 2.7087214 1.6007570 2.8414877 2.7340209 2.6338730 1.2806502 1.7755415 2.4383636 1.8693289 1.4560246 2.1653153 2.2364512 2.7755101 1.9853828 1.3409977 1.5162149 1.9694529 1.8296274 1.5731703 1.5547452 1.5263236 2.1048509 2.9377346 2.9281858 1.5056646 1.9610430 2.9379065 2.9526050 1.5854131 2.8999652 2.1443159 
i3_Bm2_bmal_DM55_3886         3.2049271 2.2820548 2.4516736 3.1930066 1.5805778 0.0000000 2.1563908 2.8723223 3.2403561 0.0028459 2.1884643 2.8723035 1.5805778 2.1577198 3.0656385 2.2787338 2.4385312 2.5999715 1.9467542 3.4004252 2.8037716 2.5730818 1.7053068 2.0211128 2.5854473 2.0991795 0.8440065 2.0165374 2.5387528 3.0176036 2.1029122 1.8474722 1.3676229 2.3568850 1.8824846 2.1343588 2.1142240 1.3743526 2.1881342 2.7159441 2.7059933 1.2760213 2.4414501 2.6961352 2.7427084 1.4054356 2.6685425 2.1630010 
i3_Bm4_bmal_DM55_4028         2.9537584 2.3601446 2.4045317 2.9528261 2.2089998 2.1563908 0.0000000 2.7236578 2.8377018 2.1481468 0.0069125 2.7163800 2.2089998 2.1015236 2.7317223 2.5295221 2.0240597 2.7764454 1.8333401 2.9035347 2.5539712 2.6971371 1.8254814 2.0869609 2.6715091 2.4125009 2.1234374 2.5425408 2.6418435 2.4614434 0.6507480 2.1565700 2.0540106 2.3922216 2.0251542 2.1732765 2.2184209 2.2438468 0.7092298 2.4351878 2.4607003 2.1621031 2.3574905 2.4681268 2.5507800 2.2782839 2.4089037 0.6482504 
i1_Bm5_bmal_DM55_4705         3.3685093 2.5932593 2.9824272 2.5252571 2.8537027 2.8723223 2.7236578 0.0000000 3.3122967 2.8590261 2.7473562 0.0026035 2.8537027 2.4574648 3.4804114 2.6279848 2.8239633 2.7209570 2.2957396 3.2583748 2.6933637 2.6693527 2.4536308 2.3798814 3.0265988 2.4631207 2.7453818 3.3887775 3.1123488 3.0749813 2.7976228 2.6113634 3.0072112 2.7971795 2.8641634 2.5522840 2.5391668 2.8746631 2.6615720 2.7374423 2.7393878 2.8106394 2.5207221 2.7949710 2.6802652 2.8677448 2.7102212 2.7451511 
i3_Bps1_bps_BPSS0078          2.0284098 3.0329882 2.8073600 2.9294577 2.5838003 3.2403561 2.8377018 3.3122967 0.0000000 3.2383792 2.8573904 3.2949639 2.5838003 2.7663509 3.3542519 3.1111647 2.8660535 2.6283419 2.7466676 3.3675007 2.8805112 2.6428934 2.6701618 2.9439367 3.4695239 3.0414046 3.0168011 3.0953946 2.9559208 2.4752447 2.9599532 3.0927274 3.1979320 3.0827440 2.7301838 2.7367277 2.7481349 3.0359303 3.0083653 2.7925618 2.7716596 3.0477284 3.1701412 2.7869249 2.7094271 3.1195515 2.7942738 3.1224111 
i3_Bps2_bps_BPSS0181          3.2054551 2.2764843 2.4373530 3.1784813 1.5775074 0.0028459 2.1481468 2.8590261 3.2383792 0.0000000 2.1801999 2.8590073 1.5775074 2.1561137 3.0869425 2.2771060 2.4376301 2.5925913 1.9504319 3.3979529 2.7873583 2.5788060 1.7091736 2.0259040 2.5950557 2.1122836 0.8357653 2.0193296 2.5331266 2.9920599 2.1021933 1.8450322 1.3729797 2.3631614 1.9060627 2.1235790 2.1035059 1.3737954 2.1894934 2.7000104 2.6900911 1.2705868 2.4397733 2.6803413 2.7266429 1.3998340 2.6529039 2.1642522 
i3_Bps3_bps_BPSS0523          2.9204464 2.3576004 2.3962816 2.9603516 2.1868675 2.1884643 0.0069125 2.7473562 2.8573904 2.1801999 0.0000000 2.7401177 2.1868675 2.0815105 2.7227649 2.5500088 2.0312170 2.7807856 1.8365225 2.8982965 2.5615125 2.7005796 1.7896296 2.0616318 2.7235410 2.4231201 2.1149440 2.5523131 2.6580330 2.5013870 0.6678787 2.1560472 2.0849717 2.3639855 2.0229676 2.1764086 2.2212286 2.2417564 0.7152156 2.4463852 2.4738451 2.1771364 2.3693664 2.4789494 2.5604645 2.2898160 2.4204199 0.6510385 
i1_Bps4_bps_BPSS1503          3.3422985 2.5939367 2.9808455 2.5192769 2.8536834 2.8723035 2.7163800 0.0026035 3.2949639 2.8590073 2.7401177 0.0000000 2.8536834 2.4546548 3.4718582 2.6279663 2.8239633 2.7161029 2.2931718 3.2467936 2.6881042 2.6629726 2.4606500 2.3868330 3.0390614 2.4611468 2.7321352 3.3800004 3.1108065 3.0563805 2.7976039 2.6041870 3.0071917 2.7885908 2.8619383 2.5522654 2.5391481 2.8834168 2.6593700 2.7256558 2.7275662 2.8199093 2.5214215 2.7829195 2.6694020 2.8763920 2.6985594 2.7432243 
i3_Bps5_bps_BPSS2093          2.5747399 1.9493182 2.0814581 3.1211972 0.0000010 1.5805778 2.2089998 2.8537027 2.5838003 1.5775074 2.1868675 2.8536834 0.0000000 1.8801485 2.7316992 2.2918415 2.4441429 2.7087214 1.6007570 2.8414877 2.7340209 2.6338730 1.2806502 1.7755415 2.4383636 1.8693289 1.4560246 2.1653153 2.2364512 2.7755101 1.9853828 1.3409977 1.5162149 1.9694529 1.8296274 1.5731703 1.5547452 1.5263236 2.1048509 2.9377346 2.9281858 1.5056646 1.9610430 2.9379065 2.9526050 1.5854131 2.8999652 2.1443159 
i4a_Cf2_cfd_CFNIH1_08935      2.6743901 1.7724235 2.1217953 2.7232281 1.8801485 2.1577198 2.1015236 2.4574648 2.7663509 2.1561137 2.0815105 2.4546548 1.8801485 0.0000000 2.3406528 2.3388132 2.0306508 2.6502087 1.5355843 2.5571448 2.6806247 2.5667234 1.7948511 0.6385481 2.4950166 1.5450383 1.8974539 2.5663962 2.2039736 2.5918170 2.1278883 2.0071342 2.0065748 1.7648109 1.8153006 1.8331822 1.8206758 2.0630711 2.1701864 2.6265566 2.6278434 2.0234538 1.8516618 2.6450848 2.6627564 2.0858351 2.5828689 2.2041219 
i1_Cj_cjl_PJ17_05140          2.8505416 2.6031281 2.9688393 3.2889479 2.7316992 3.0656385 2.7317223 3.4804114 3.3542519 3.0869425 2.7227649 3.4718582 2.7316992 2.3406528 0.0000000 2.7383433 2.6886670 3.0403183 2.5237352 0.8826690 3.0811329 2.9412748 2.7883672 2.4323145 3.4498814 2.7896132 2.6225122 3.2495092 3.3551699 3.1477587 2.7664328 2.8353042 2.9144445 2.5855431 2.4705292 2.6732009 2.6832964 2.7518299 2.7103283 2.8521381 2.9152083 2.7871785 2.4502270 2.8561996 2.8748371 2.8316415 2.8591833 2.7757967 
i1_EAEC1_eck_EC55989_0236     2.7558349 1.4917003 2.1098783 2.9359168 2.2918415 2.2787338 2.5295221 2.6279848 3.1111647 2.2771060 2.5500088 2.6279663 2.2918415 2.3388132 2.7383433 0.0000000 2.7342418 2.9226743 2.1771445 2.7566680 2.7202078 2.6720488 1.8076856 2.3964973 2.0380503 2.3654828 2.0933394 2.9505670 2.3545558 3.1715709 2.4567634 2.2480587 1.9697626 1.6479127 2.0556540 2.2992886 2.3021079 2.3628205 2.5085868 2.7679338 2.8003404 2.1716061 1.1461486 2.8070152 2.8268859 2.2762196 2.7289290 2.5942078 
i4b_EAEC2_eck_EC55989_3292    2.7651084 2.2122372 2.4462364 2.6329407 2.4441429 2.4385312 2.0240597 2.8239633 2.8660535 2.4376301 2.0312170 2.8239633 2.4441429 2.0306508 2.6886670 2.7342418 0.0000000 2.7076100 1.9195110 2.7653066 2.6629957 2.6301997 2.1296905 2.0491910 2.9525318 2.3690626 2.2807449 2.5908838 2.5297103 2.9915274 2.3631543 2.2587770 2.4297698 2.3476836 1.8886553 2.1047432 2.0840140 2.2817399 2.2482135 2.7255036 2.7332788 2.2420247 2.4860539 2.7599515 2.7175700 2.2462288 2.6938963 2.2816561 
i2_EAEC3_eck_EC55989_3331     2.4500001 2.7104495 2.8415105 1.4938608 2.7087214 2.5999715 2.7764454 2.7209570 2.6283419 2.5925913 2.7807856 2.7161029 2.7087214 2.6502087 3.0403183 2.9226743 2.7076100 0.0000000 2.5108593 3.4467422 1.3806308 0.4785808 2.5630202 2.5393614 3.3899214 2.5209180 2.4743896 2.8035757 3.1696765 2.6630900 3.0112512 2.5797353 2.8610408 2.6600788 2.6051401 2.8996393 2.9425810 2.7297697 2.9876086 1.2902264 1.3009879 2.7775429 2.6746080 1.2949329 1.3004298 2.7621003 1.2798475 3.0104367 
i4b_Et_etr_ETAE_2437          2.4680682 1.8430914 1.9035318 2.4404519 1.6007570 1.9467542 1.8333401 2.2957396 2.7466676 1.9504319 1.8365225 2.2931718 1.6007570 1.5355843 2.5237352 2.1771445 1.9195110 2.5108593 0.0000000 2.6100495 2.2411612 2.5204337 1.3605334 1.5828539 2.3423262 1.7150590 1.9051133 2.2912395 2.2077747 2.2876641 1.8294275 1.6619562 1.7699262 1.9036852 1.7602519 1.6444086 1.6509269 1.9669264 1.7854265 2.3516642 2.3445290 1.9603372 1.9455618 2.3659303 2.3320968 1.9769122 2.3313983 1.8166650 
i1_Hh_hhe_HH_0242             3.2003923 2.7445753 3.1683107 3.4322609 2.8414877 3.4004252 2.9035347 3.2583748 3.3675007 3.3979529 2.8982965 3.2467936 2.8414877 2.5571448 0.8826690 2.7566680 2.7653066 3.4467422 2.6100495 0.0000000 2.9191012 3.1502916 2.7638157 2.7217860 3.3266481 2.9578626 2.9931479 3.2470357 3.4072669 2.9457776 2.7885986 2.9379612 2.9379641 2.5112822 2.8312279 2.7895711 2.7636010 2.9518060 2.8836713 3.1745454 3.1381772 3.0066797 2.3987679 3.1499504 3.1406882 3.0515150 3.1560722 2.8892477 
i2_Kp1_kpu_KP1_2400           2.1620731 2.5676339 2.8553618 1.4588379 2.7340209 2.8037716 2.5539712 2.6933637 2.8805112 2.7873583 2.5615125 2.6881042 2.7340209 2.6806247 3.0811329 2.7202078 2.6629957 1.3806308 2.2411612 2.9191012 0.0000000 1.3868553 2.4170162 2.6419017 3.2485028 2.6355228 2.6310263 2.7956101 2.9484393 2.4973821 2.7085878 2.7706459 2.9497048 2.6063353 2.6730844 2.6707487 2.6128634 2.9157449 2.7759861 0.4155650 0.4344207 2.9251311 2.4582848 0.4203149 0.4720813 2.9249612 0.4295531 2.8498465 
i2_Kp2_kpu_KP1_3383           2.3377803 2.6435257 2.8069163 1.5080502 2.6338730 2.5730818 2.6971371 2.6693527 2.6428934 2.5788060 2.7005796 2.6629726 2.6338730 2.5667234 2.9412748 2.6720488 2.6301997 0.4785808 2.5204337 3.1502916 1.3868553 0.0000000 2.4847980 2.3934728 3.1528247 2.5010974 2.4595299 2.6173948 3.0549489 2.4833283 2.9319374 2.6744595 2.6473126 2.5035233 2.4532742 2.6730039 2.6801698 2.6905625 2.8984956 1.1974879 1.1942845 2.6757336 2.5236491 1.1910069 1.2256454 2.6474775 1.1802072 2.9379033 
i3_Pa1_paei_N296_97           2.4066667 1.8239293 1.7744355 2.5421519 1.2806502 1.7053068 1.8254814 2.4536308 2.6701618 1.7091736 1.7896296 2.4606500 1.2806502 1.7948511 2.7883672 1.8076856 2.1296905 2.5630202 1.3605334 2.7638157 2.4170162 2.4847980 0.0000000 1.7935980 2.2046708 1.5967786 1.5964088 2.0931674 2.0202049 2.5424865 1.8683524 1.4710111 1.7032806 1.7083413 1.7579179 1.4698334 1.4682409 1.6736988 1.8437351 2.5405942 2.5722460 1.5875427 1.8395328 2.5753945 2.5387963 1.7081036 2.5503250 1.9146903 
i4b_Pa3_paei_N296_2767        2.7822891 1.8555714 1.9816171 2.6921022 1.7755415 2.0211128 2.0869609 2.3798814 2.9439367 2.0259040 2.0616318 2.3868330 1.7755415 0.6385481 2.4323145 2.3964973 2.0491910 2.5393614 1.5828539 2.7217860 2.6419017 2.3934728 1.7935980 0.0000000 2.5303573 1.3296642 1.6784636 2.4404809 2.1374247 2.6221398 2.0144781 1.9329103 1.7345174 1.8527973 1.8436779 1.8851674 1.8502918 1.9741460 1.9684700 2.4218991 2.3953166 1.9584291 1.9464159 2.4037559 2.4185297 2.0242954 2.3921046 1.9975266 
i1_Pf_pfn_HZ99_05010          2.7070291 1.6118727 2.8275192 3.1923490 2.4383636 2.5854473 2.6715091 3.0265988 3.4695239 2.5950557 2.7235410 3.0390614 2.4383636 2.4950166 3.4498814 2.0380503 2.9525318 3.3899214 2.3423262 3.3266481 3.2485028 3.1528247 2.2046708 2.5303573 0.0000000 2.5622374 2.4773639 2.7933964 2.9742849 3.1863185 2.5930238 2.4802661 2.5645852 1.7919421 2.5022007 2.7631685 2.7343643 2.7385517 2.6604384 3.1910389 3.1696585 2.7221448 1.5955172 3.1840887 3.1641096 2.7877322 3.0997106 2.7394538 
i4a_Pp1_bph_Bphy_5985         2.9718448 2.0097608 2.1118915 2.6382663 1.8693289 2.0991795 2.4125009 2.4631207 3.0414046 2.1122836 2.4231201 2.4611468 1.8693289 1.5450383 2.7896132 2.3654828 2.3690626 2.5209180 1.7150590 2.9578626 2.6355228 2.5010974 1.5967786 1.3296642 2.5622374 0.0000000 1.7965756 2.3616177 2.1986954 2.6867835 2.3020172 1.8776343 2.0656287 2.0927181 1.8646603 1.8865484 1.8629084 2.0511288 2.3596840 2.6138297 2.5795358 2.0780893 2.0418773 2.6159913 2.5901413 2.1040251 2.5627481 2.3565381 
i3_Pp2_bph_Bphy_6124          2.8852831 2.1412893 2.2397827 2.9703503 1.4560246 0.8440065 2.1234374 2.7453818 3.0168011 0.8357653 2.1149440 2.7321352 1.4560246 1.8974539 2.6225122 2.0933394 2.2807449 2.4743896 1.9051133 2.9931479 2.6310263 2.4595299 1.5964088 1.6784636 2.4773639 1.7965756 0.0000000 1.8935356 2.3792805 2.8071844 2.1285579 1.6885991 1.2304826 2.0972091 1.7862692 1.9975882 1.9225338 1.2731636 2.0406732 2.5929386 2.5753577 1.1778150 2.1538139 2.5639828 2.7093478 1.2685089 2.5570095 2.1227082 
i3_Pp3_bph_Bphy_7022          2.9323943 2.6793724 2.9111863 3.0568602 2.1653153 2.0165374 2.5425408 3.3887775 3.0953946 2.0193296 2.5523131 3.3800004 2.1653153 2.5663962 3.2495092 2.9505670 2.5908838 2.8035757 2.2912395 3.2470357 2.7956101 2.6173948 2.0931674 2.4404809 2.7933964 2.3616177 1.8935356 0.0000000 2.9867463 2.8502920 2.6058516 2.2036117 1.8874965 2.5262711 2.5576641 2.4650165 2.4110346 1.8366140 2.6629443 2.6875003 2.7166581 1.7966795 2.6654424 2.7210823 2.8485767 1.8648725 2.6882653 2.7187075 
i5_Rl_rlb_RLEG3_07700         3.2966801 2.2317713 0.4543771 3.3209207 2.2364512 2.5387528 2.6418435 3.1123488 2.9559208 2.5331266 2.6580330 3.1108065 2.2364512 2.2039736 3.3551699 2.3545558 2.5297103 3.1696765 2.2077747 3.4072669 2.9484393 3.0549489 2.0202049 2.1374247 2.9742849 2.1986954 2.3792805 2.9867463 0.0000000 2.8166873 2.5367305 2.2324240 2.3476473 2.3860464 2.0053746 2.4571987 2.4421599 2.2624247 2.5662702 3.0903172 3.1332235 2.1019037 2.2267864 3.1297950 3.1432147 2.2292125 3.0887860 2.7389083 
i4b_Rs_rso_RSp0738            2.0829859 2.7832439 2.6238715 2.5289556 2.7755101 3.0176036 2.4614434 3.0749813 2.4752447 2.9920599 2.5013870 3.0563805 2.7755101 2.5918170 3.1477587 3.1715709 2.9915274 2.6630900 2.2876641 2.9457776 2.4973821 2.4833283 2.5424865 2.6221398 3.1863185 2.6867835 2.8071844 2.8502920 2.8166873 0.0000000 2.5864125 2.8382442 3.0049502 2.8632063 2.5923935 2.6302689 2.5836065 2.9186873 2.5840050 2.4498573 2.4346200 2.8908623 2.9112734 2.4337554 2.4341170 2.9532169 2.4380033 2.6400403 
i3_Sm1_serf_L085_12880        2.9149846 2.3272724 2.4922767 3.1515443 1.9853828 2.1029122 0.6507480 2.7976228 2.9599532 2.1021933 0.6678787 2.7976039 1.9853828 2.1278883 2.7664328 2.4567634 2.3631543 3.0112512 1.8294275 2.7885986 2.7085878 2.9319374 1.8683524 2.0144781 2.5930238 2.3020172 2.1285579 2.6058516 2.5367305 2.5864125 0.0000000 2.1812742 1.9804874 2.3424420 2.0420968 2.2089301 2.2783648 2.2438406 0.3893588 2.6863752 2.7183520 2.0781417 2.1615479 2.6943182 2.7162067 2.1662488 2.6398121 0.3633806 
i3_Sm2_serf_L085_13850        2.5825737 2.1163062 2.2576684 2.9226912 1.3409977 1.8474722 2.1565700 2.6113634 3.0927274 1.8450322 2.1560472 2.6041870 1.3409977 2.0071342 2.8353042 2.2480587 2.2587770 2.5797353 1.6619562 2.9379612 2.7706459 2.6744595 1.4710111 1.9329103 2.4802661 1.8776343 1.6885991 2.2036117 2.2324240 2.8382442 2.1812742 0.0000000 1.6214902 2.0357249 2.0101243 1.7692991 1.7943806 1.8153260 2.0378152 2.8655368 2.8703794 1.7776212 1.8718685 2.8212166 2.8374251 1.8271533 2.8267199 2.1133470 
i3_Stm_setc_CFSAN001921_15960 2.6031568 2.2879787 2.1261214 3.1792043 1.5162149 1.3676229 2.0540106 3.0072112 3.1979320 1.3729797 2.0849717 3.0071917 1.5162149 2.0065748 2.9144445 1.9697626 2.4297698 2.8610408 1.7699262 2.9379641 2.9497048 2.6473126 1.7032806 1.7345174 2.5645852 2.0656287 1.2304826 1.8874965 2.3476473 3.0049502 1.9804874 1.6214902 0.0000000 2.1912039 1.7006433 1.9710099 1.9521880 1.3107292 1.8447842 2.7222342 2.7174332 1.2698660 2.0012885 2.7311654 2.7763319 1.3518621 2.6984393 1.9863096 
i1_Vc_vcm_VCM66_A0121         2.6166636 0.9579005 2.1039065 2.5430295 1.9694529 2.3568850 2.3922216 2.7971795 3.0827440 2.3631614 2.3639855 2.7885908 1.9694529 1.7648109 2.5855431 1.6479127 2.3476836 2.6600788 1.9036852 2.5112822 2.6063353 2.5035233 1.7083413 1.8527973 1.7919421 2.0927181 2.0972091 2.5262711 2.3860464 2.8632063 2.3424420 2.0357249 2.1912039 0.0000000 2.0385538 2.1070783 2.0836712 2.4174112 2.2553668 2.5064971 2.5145399 2.4021577 1.4830199 2.4765768 2.6131428 2.4864332 2.4991749 2.3048458 
i5_Vp1_vpa_VPA1026            2.6078089 1.9083022 1.9053493 2.7589289 1.8296274 1.8824846 2.0251542 2.8641634 2.7301838 1.9060627 2.0229676 2.8619383 1.8296274 1.8153006 2.4705292 2.0556540 1.8886553 2.6051401 1.7602519 2.8312279 2.6730844 2.4532742 1.7579179 1.8436779 2.5022007 1.8646603 1.7862692 2.5576641 2.0053746 2.5923935 2.0420968 2.0101243 1.7006433 2.0385538 0.0000000 1.8636603 1.8826170 1.8521955 2.0003524 2.4383827 2.4481886 1.8069666 1.9634355 2.4350047 2.3974322 1.8641598 2.4205007 1.9876250 
i3_Xc_xac_XAC4124             2.7697748 2.1337731 2.2045807 2.9679795 1.5731703 2.1343588 2.1732765 2.5522840 2.7367277 2.1235790 2.1764086 2.5522654 1.5731703 1.8331822 2.6732009 2.2992886 2.1047432 2.8996393 1.6444086 2.7895711 2.6707487 2.6730039 1.4698334 1.8851674 2.7631685 1.8865484 1.9975882 2.4650165 2.4571987 2.6302689 2.2089301 1.7692991 1.9710099 2.1070783 1.8636603 0.0000000 0.0516748 2.1317535 2.2246145 2.6767017 2.6523905 1.9991121 2.1904467 2.7015579 2.6883181 2.0366747 2.6511506 2.2664555 
i3_Xp_xph_XppCFBP6546_13820   2.7369201 2.1247801 2.2179797 2.9847055 1.5547452 2.1142240 2.2184209 2.5391668 2.7481349 2.1035059 2.2212286 2.5391481 1.5547452 1.8206758 2.6832964 2.3021079 2.0840140 2.9425810 1.6509269 2.7636010 2.6128634 2.6801698 1.4682409 1.8502918 2.7343643 1.8629084 1.9225338 2.4110346 2.4421599 2.5836065 2.2783648 1.7943806 1.9521880 2.0836712 1.8826170 0.0516748 0.0000000 2.0936521 2.2512155 2.6718486 2.6242043 1.9547444 2.1818753 2.6841090 2.6604066 1.9990757 2.6158730 2.2934682 
i3_Ye_yet_CH48_3200           2.8987101 2.4591642 2.1893859 3.0610222 1.5263236 1.3743526 2.2438468 2.8746631 3.0359303 1.3737954 2.2417564 2.8834168 1.5263236 2.0630711 2.7518299 2.3628205 2.2817399 2.7297697 1.9669264 2.9518060 2.9157449 2.6905625 1.6736988 1.9741460 2.7385517 2.0511288 1.2731636 1.8366140 2.2624247 2.9186873 2.2438406 1.8153260 1.3107292 2.4174112 1.8521955 2.1317535 2.0936521 0.0000000 2.0931537 2.8129846 2.8517562 0.1617747 2.2673505 2.8249560 2.9989988 0.1802838 2.8046416 2.1863507 
i3_Yp1_ype_YPO0507            2.7514853 2.2849626 2.4836088 3.1774533 2.1048509 2.1881342 0.7092298 2.6615720 3.0083653 2.1894934 0.7152156 2.6593700 2.1048509 2.1701864 2.7103283 2.5085868 2.2482135 2.9876086 1.7854265 2.8836713 2.7759861 2.8984956 1.8437351 1.9684700 2.6604384 2.3596840 2.0406732 2.6629443 2.5662702 2.5840050 0.3893588 2.0378152 1.8447842 2.2553668 2.0003524 2.2246145 2.2512155 2.0931537 0.0000000 2.7201973 2.7422150 2.0880429 2.1655835 2.7451920 2.7137686 2.0690962 2.6871041 0.0015539 
i2_Yp2_ype_YPO0970            2.1189020 2.4238192 2.8752124 1.4011441 2.9377346 2.7159441 2.4351878 2.7374423 2.7925618 2.7000104 2.4463852 2.7256558 2.9377346 2.6265566 2.8521381 2.7679338 2.7255036 1.2902264 2.3516642 3.1745454 0.4155650 1.1974879 2.5405942 2.4218991 3.1910389 2.6138297 2.5929386 2.6875003 3.0903172 2.4498573 2.6863752 2.8655368 2.7222342 2.5064971 2.4383827 2.6767017 2.6718486 2.8129846 2.7201973 0.0000000 0.0501331 2.8854304 2.4587192 0.0222848 0.0778193 2.8950714 0.0529910 2.7616874 
i2_Yp3_ype_YPO1472            2.1435232 2.4251192 2.9090274 1.4114706 2.9281858 2.7059933 2.4607003 2.7393878 2.7716596 2.6900911 2.4738451 2.7275662 2.9281858 2.6278434 2.9152083 2.8003404 2.7332788 1.3009879 2.3445290 3.1381772 0.4344207 1.1942845 2.5722460 2.3953166 3.1696585 2.5795358 2.5753577 2.7166581 3.1332235 2.4346200 2.7183520 2.8703794 2.7174332 2.5145399 2.4481886 2.6523905 2.6242043 2.8517562 2.7422150 0.0501331 0.0000000 2.9075920 2.4698859 0.0628570 0.0725513 2.9110221 0.0223273 2.7989768 
i3_Yp4_ype_YPO2725            2.7492763 2.4316432 2.1087553 3.0256389 1.5056646 1.2760213 2.1621031 2.8106394 3.0477284 1.2705868 2.1771364 2.8199093 1.5056646 2.0234538 2.7871785 2.1716061 2.2420247 2.7775429 1.9603372 3.0066797 2.9251311 2.6757336 1.5875427 1.9584291 2.7221448 2.0780893 1.1778150 1.7966795 2.1019037 2.8908623 2.0781417 1.7776212 1.2698660 2.4021577 1.8069666 1.9991121 1.9547444 0.1617747 2.0880429 2.8854304 2.9075920 0.0000000 2.2906804 2.9070502 2.9825688 0.0000010 2.8762181 2.0847846 
i1_Yps1_ypi_YpsIP31758_0328   2.5448914 1.0839375 2.2640181 2.4072690 1.9610430 2.4414501 2.3574905 2.5207221 3.1701412 2.4397733 2.3693664 2.5214215 1.9610430 1.8516618 2.4502270 1.1461486 2.4860539 2.6746080 1.9455618 2.3987679 2.4582848 2.5236491 1.8395328 1.9464159 1.5955172 2.0418773 2.1538139 2.6654424 2.2267864 2.9112734 2.1615479 1.8718685 2.0012885 1.4830199 1.9634355 2.1904467 2.1818753 2.2673505 2.1655835 2.4587192 2.4698859 2.2906804 0.0000000 2.4522917 2.4250317 2.2879272 2.4287645 2.2202050 
i2_Yps2_ypi_YpsIP31758_0733   2.1276656 2.4434136 2.9119671 1.3892745 2.9379065 2.6961352 2.4681268 2.7949710 2.7869249 2.6803413 2.4789494 2.7829195 2.9379065 2.6450848 2.8561996 2.8070152 2.7599515 1.2949329 2.3659303 3.1499504 0.4203149 1.1910069 2.5753945 2.4037559 3.1840887 2.6159913 2.5639828 2.7210823 3.1297950 2.4337554 2.6943182 2.8212166 2.7311654 2.4765768 2.4350047 2.7015579 2.6841090 2.8249560 2.7451920 0.0222848 0.0628570 2.9070502 2.4522917 0.0000000 0.0678152 2.9067006 0.0629470 2.7856965 
i2_Yps3_ypi_YpsIP31758_0785   2.0976623 2.5673526 2.8925992 1.4284438 2.9526050 2.7427084 2.5507800 2.6802652 2.7094271 2.7266429 2.5604645 2.6694020 2.9526050 2.6627564 2.8748371 2.8268859 2.7175700 1.3004298 2.3320968 3.1406882 0.4720813 1.2256454 2.5387963 2.4185297 3.1641096 2.5901413 2.7093478 2.8485767 3.1432147 2.4341170 2.7162067 2.8374251 2.7763319 2.6131428 2.3974322 2.6883181 2.6604066 2.9989988 2.7137686 0.0778193 0.0725513 2.9825688 2.4250317 0.0678152 0.0000000 3.0579091 0.0679507 2.7943244 
i3_Yps4_ypi_YpsIP31758_1374   2.7965069 2.4820666 2.1715729 3.0827137 1.5854131 1.4054356 2.2782839 2.8677448 3.1195515 1.3998340 2.2898160 2.8763920 1.5854131 2.0858351 2.8316415 2.2762196 2.2462288 2.7621003 1.9769122 3.0515150 2.9249612 2.6474775 1.7081036 2.0242954 2.7877322 2.1040251 1.2685089 1.8648725 2.2292125 2.9532169 2.1662488 1.8271533 1.3518621 2.4864332 1.8641598 2.0366747 1.9990757 0.1802838 2.0690962 2.8950714 2.9110221 0.0000010 2.2879272 2.9067006 3.0579091 0.0000000 2.8720387 2.1706878 
i2_Yps5_ypi_YpsIP31758_2504   2.1569377 2.3755658 2.8799885 1.4067593 2.8999652 2.6685425 2.4089037 2.7102212 2.7942738 2.6529039 2.4204199 2.6985594 2.8999652 2.5828689 2.8591833 2.7289290 2.6938963 1.2798475 2.3313983 3.1560722 0.4295531 1.1802072 2.5503250 2.3921046 3.0997106 2.5627481 2.5570095 2.6882653 3.0887860 2.4380033 2.6398121 2.8267199 2.6984393 2.4991749 2.4205007 2.6511506 2.6158730 2.8046416 2.6871041 0.0529910 0.0223273 2.8762181 2.4287645 0.0629470 0.0679507 2.8720387 0.0000000 2.7222873 
i3_Yps6_ypi_YpsIP31758_3429   2.7908749 2.3322019 2.4805546 3.1920365 2.1443159 2.1630010 0.6482504 2.7451511 3.1224111 2.1642522 0.6510385 2.7432243 2.1443159 2.2041219 2.7757967 2.5942078 2.2816561 3.0104367 1.8166650 2.8892477 2.8498465 2.9379033 1.9146903 1.9975266 2.7394538 2.3565381 2.1227082 2.7187075 2.7389083 2.6400403 0.3633806 2.1133470 1.9863096 2.3048458 1.9876250 2.2664555 2.2934682 2.1863507 0.0015539 2.7616874 2.7989768 2.0847846 2.2202050 2.7856965 2.7943244 2.1706878 2.7222873 0.0000000 
