46
i4b_Ab_abaz_P795_10850        0.0000000 3.8822955 2.5261590 3.1727089 1.5700773 2.7264470 2.7763967 1.4910521 2.8539430 3.0666051 2.7763967 2.8580167 3.7700147 2.7348214 1.4910521 2.1709058 4.1520340 3.0178427 1.8563604 3.3475693 2.3316326 2.9959560 3.7438224 2.1676698 3.0257975 2.9163089 2.5793949 1.7442507 3.3341885 2.4232544 3.2792563 3.4393560 1.9594141 3.1731608 2.8323813 2.8162527 3.0801435 3.2845893 3.3207573 3.1005964 4.1095882 4.1095882 3.0696172 3.1426319 3.3207573 3.2845893 
i1_Ah_ahj_V469_13110          3.8822955 0.0000000 4.5780512 2.9939223 3.5223913 3.9209243 3.3945153 3.2645973 3.9602179 4.3491409 3.3945153 3.9455170 3.0067104 3.9001663 3.2645973 4.4362446 1.3532651 2.8911879 3.3523082 3.0223723 4.4251835 2.4281041 2.2778563 3.3239675 3.3129197 3.4832737 4.6693762 3.4693668 3.9048629 4.0895535 3.9392222 1.6548641 4.0568816 2.5768522 3.6728670 3.7676587 4.0946738 3.6982526 2.9168915 4.3265743 1.1865341 1.1865341 3.0033863 4.3265743 2.9160527 3.6982526 
i5_At_atf_Ach5_45100          2.5261590 4.5780512 0.0000000 4.5914884 2.2985398 2.9000031 3.5159962 2.3899541 2.7093105 3.2815687 3.5159962 2.7133380 3.6470978 2.8950113 2.3790340 2.6261056 4.8356577 3.4423694 2.5662751 3.8901225 2.9181090 3.5348833 4.2357449 2.7578415 3.5264641 3.3505238 0.6559776 2.3405069 2.8823286 2.5371995 3.3337924 3.7959492 2.1309124 3.7575777 2.5332009 2.6182768 3.7408761 3.2869049 3.8000223 3.5118781 4.6446648 4.6446648 3.6548554 3.5396882 3.7226533 3.2869049 
i2_Bc1_bceo_I35_4165          3.1727089 2.9939223 4.5914884 0.0000000 2.9845392 3.1740221 3.0330194 2.9011183 3.2727784 3.5007156 3.0330194 3.2737924 2.5531852 3.1741680 2.9011183 3.8608397 3.1372246 1.4393932 3.0593772 1.3873353 3.2145423 2.7058785 3.0635829 3.4122545 3.1118419 3.0482025 3.8688251 3.0902956 3.2956081 3.2459633 3.7143251 3.0715427 3.6094279 2.6538467 3.2052622 3.2906518 3.2806728 3.3751842 1.3180618 3.1592098 3.2727687 3.2727687 1.2565755 3.1592098 1.3148979 3.3751842 
i4b_Bc2_bceo_I35_0339         1.5700773 3.5223913 2.2985398 2.9845392 0.0000000 2.8368043 2.9707386 0.3417970 2.7344916 3.1437407 2.9707386 2.7012425 2.7937235 2.8334227 0.3415756 2.2416583 3.6837167 2.4188691 1.6782679 2.5897338 2.6686145 2.5318686 3.9304103 2.3315425 2.7680084 2.6725580 2.2477773 0.8265869 2.8040160 2.5712816 3.3652532 3.4332456 2.0695639 2.7877817 2.7171072 2.7136787 3.3813198 3.0256538 2.7483805 3.3191961 4.1808342 4.1082153 2.6895211 3.3626886 2.7483805 3.0256538 
i3_Bm1_bmal_DM55_3346         2.7264470 3.9209243 2.9000031 3.1740221 2.8368043 0.0000000 1.8478173 2.8597710 1.8809421 2.2101683 1.8478173 1.8956591 3.3661315 0.0030421 2.8597710 2.6168594 3.6811210 2.7746242 2.7299321 3.1281949 1.7419121 3.5345755 3.3618036 2.6949343 1.9711594 2.0424488 3.1627803 2.7518247 2.3007925 1.2290486 2.2152866 3.9186069 3.1039758 2.8242854 1.5213972 1.5426872 2.3996334 2.7400296 3.0521581 2.3849386 3.5813285 3.6491084 3.0651388 2.3849386 3.0521581 2.7400296 
i3_Bm2_bmal_DM55_3885         2.7763967 3.3945153 3.5159962 3.0330194 2.9707386 1.8478173 0.0000000 3.0157918 2.2046825 1.1436477 0.0000010 2.2475721 3.1897165 1.8275173 3.0157918 2.9114792 3.5830572 2.6625271 2.9829153 2.9477546 2.0566386 3.1415257 3.8431230 3.1196770 0.5742134 0.6101955 3.4065292 3.0503679 2.7487649 2.0238195 1.1184277 3.5873377 3.1693562 3.1948685 2.1338694 2.1635360 1.8304626 2.7812812 2.8493415 1.8572186 3.4770132 3.4770132 2.8375605 1.8522689 2.8493415 2.7812812 
i4b_Bm3_bmal_DM55_868         1.4910521 3.2645973 2.3899541 2.9011183 0.3417970 2.8597710 3.0157918 0.0000000 2.6697355 3.0737922 3.0157918 2.6253303 2.6828116 2.8564380 0.0028200 2.2339320 3.2300523 2.4745635 1.6491890 2.7461639 2.6310552 2.6723226 3.9632975 2.3263103 2.9133653 2.7554016 2.1187787 0.8315742 2.6740218 2.4782436 3.1777581 3.1594974 2.2023190 2.6677880 2.8019042 2.8054131 3.3999636 3.1619777 2.8169578 3.1922600 3.5342611 3.4916824 2.8138389 3.2161618 2.8169578 3.1619777 
i3_Bm4_bmal_DM55_4020         2.8539430 3.9602179 2.7093105 3.2727784 2.7344916 1.8809421 2.2046825 2.6697355 0.0000000 2.2964593 2.2046825 0.0068730 3.6108102 1.8561227 2.6697355 2.9874853 3.8499125 2.9306497 2.7623530 2.9226131 2.2184264 3.0570345 3.6240243 2.6951536 2.4263942 2.4298241 2.6999990 2.7099710 1.8377865 1.9296745 2.4133506 3.4154993 2.8828316 3.2031812 2.0655482 2.1618784 2.3021598 2.2185862 3.0765798 2.4930163 3.9170348 3.9170348 2.8807893 2.4930163 3.0765798 2.2185862 
i3_Bps1_bps_BPSS0110          3.0666051 4.3491409 3.2815687 3.5007156 3.1437407 2.2101683 1.1436477 3.0737922 2.2964593 0.0000000 1.1436477 2.3333228 3.3913575 2.2007103 3.0737922 3.0846389 4.0379591 2.8796023 2.7067544 3.2474089 2.1303290 3.5095558 4.2353243 3.1843774 1.2736446 1.2353310 3.7540108 3.1240241 2.9449230 2.0806285 1.2719064 3.8367609 3.1385862 3.1630697 2.4524172 2.5740747 1.4269452 2.7519762 2.9972883 1.3711342 3.8540606 3.8540606 2.8569084 1.3762259 2.9972883 2.7519762 
i3_Bps2_bps_BPSS0180          2.7763967 3.3945153 3.5159962 3.0330194 2.9707386 1.8478173 0.0000010 3.0157918 2.2046825 1.1436477 0.0000000 2.2475721 3.1897165 1.8275173 3.0157918 2.9114792 3.5830572 2.6625271 2.9829153 2.9477546 2.0566386 3.1415257 3.8431230 3.0741840 0.5742134 0.6101955 3.4065292 3.0503679 2.7487649 2.0238195 1.1184277 3.5873377 3.1693562 3.1948685 2.1338694 2.1635360 1.8430452 2.7812812 2.8493415 1.8518763 3.4770132 3.4770132 2.8375605 1.8469892 2.8493415 2.7812812 
i3_Bps3_bps_BPSS0515          2.8580167 3.9455170 2.7133380 3.2737924 2.7012425 1.8956591 2.2475721 2.6253303 0.0068730 2.3333228 2.2475721 0.0000000 3.6769589 1.8705405 2.6253303 3.0075892 3.8374308 2.9553919 2.7555556 2.9480091 2.2406742 3.0775008 3.6308384 2.7161949 2.4743137 2.4770135 2.7095060 2.6503440 1.8525059 1.9443739 2.4392491 3.3569216 2.8735594 3.2103313 2.0856471 2.1833436 2.3178586 2.2219665 3.0835040 2.5048446 3.8789194 3.8789194 2.9049870 2.5048446 3.0835040 2.2219665 
i1_Bps4_bps_BPSS1492          3.7700147 3.0067104 3.6470978 2.5531852 2.7937235 3.3661315 3.1897165 2.6828116 3.6108102 3.3913575 3.1897165 3.6769589 0.0000000 3.3492939 2.6786926 3.9653643 3.0919599 2.4302600 2.9576914 2.4190221 3.1993501 2.3236165 2.8445366 3.3532944 3.3493888 3.3692120 3.8228290 2.8306342 3.5203999 2.9254638 3.7505130 3.0678295 3.4387203 2.8577344 3.1531606 3.1834751 3.9649916 3.7950967 2.4634289 3.8896328 3.1738385 3.1571471 2.3894674 3.8841284 2.4662935 3.7950967 
i3_Bps5_bps_BPSS2101          2.7348214 3.9001663 2.8950113 3.1741680 2.8334227 0.0030421 1.8275173 2.8564380 1.8561227 2.2007103 1.8275173 1.8705405 3.3492939 0.0000000 2.8564380 2.6262221 3.6732198 2.8101129 2.7250889 3.1283921 1.7439408 3.5172152 3.3552474 2.6955625 1.9496682 2.0199749 3.1029164 2.7481408 2.3019226 1.2244515 2.1896387 3.9264670 3.0983920 2.8109174 1.5060264 1.5270897 2.3726766 2.7406598 3.0465246 2.3582850 3.5736017 3.6411118 3.0228822 2.3582850 3.0465246 2.7406598 
i4b_Bps6_bps_BPSL3100         1.4910521 3.2645973 2.3790340 2.9011183 0.3415756 2.8597710 3.0157918 0.0028200 2.6697355 3.0737922 3.0157918 2.6253303 2.6786926 2.8564380 0.0000000 2.2339320 3.2300523 2.4745635 1.6466576 2.7461639 2.6310552 2.6723226 3.9632975 2.3334058 2.9133653 2.7554016 2.1050698 0.8261261 2.6740218 2.4782436 3.1777581 3.1594974 2.1853964 2.6677880 2.8019042 2.8054131 3.3841444 3.1619777 2.8169578 3.1799090 3.5342611 3.4916824 2.8138389 3.2010552 2.8169578 3.1619777 
i4a_Cf2_cfd_CFNIH1_08860      2.1709058 4.4362446 2.6261056 3.8608397 2.2416583 2.6168594 2.9114792 2.2339320 2.9874853 3.0846389 2.9114792 3.0075892 3.9653643 2.6262221 2.2339320 0.0000000 4.5976004 3.0923427 2.2291766 3.1889274 2.4694440 3.9000866 4.0556383 1.9649489 3.0113559 2.8384852 2.9622791 2.1922203 3.1051983 2.3339607 3.1466415 3.8602183 2.5958574 3.2570552 2.4314999 2.5450732 2.8266981 3.5334816 3.3889037 2.8971065 4.2432759 4.2912879 3.4499568 2.8971065 3.3889037 3.5334816 
i1_EAEC1_eck_EC55989_0221     4.1520340 1.3532651 4.8356577 3.1372246 3.6837167 3.6811210 3.5830572 3.2300523 3.8499125 4.0379591 3.5830572 3.8374308 3.0919599 3.6732198 3.2300523 4.5976004 0.0000000 3.2383139 3.8931981 2.9776496 4.5301712 2.9027125 2.1679507 3.6081983 3.5475804 3.7576361 5.3818949 3.5965708 3.9762930 4.0015650 3.9008758 1.8334462 4.1098501 2.5317795 3.7243232 3.5747749 4.0693987 3.7456465 3.1570445 4.1653991 0.9241226 0.9106393 3.1060578 4.1653991 3.1709526 3.7456465 
i2_EAEC3_eck_EC55989_3324     3.0178427 2.8911879 3.4423694 1.4393932 2.4188691 2.7746242 2.6625271 2.4745635 2.9306497 2.8796023 2.6625271 2.9553919 2.4302600 2.8101129 2.4745635 3.0923427 3.2383139 0.0000000 3.0139183 0.6531427 2.7886544 2.6407269 3.2667788 3.1906455 2.4868261 2.5490760 3.5870972 2.6336993 3.0604598 2.6420671 3.0272725 2.9454865 3.1437575 2.2803946 2.7753091 2.8378037 3.1105494 3.0392815 0.6334253 3.0990892 2.6669562 2.6669562 0.6443973 3.0990892 0.6353924 3.0392815 
i4b_Et_etr_ETAE_2439          1.8563604 3.3523082 2.5662751 3.0593772 1.6782679 2.7299321 2.9829153 1.6491890 2.7623530 2.7067544 2.9829153 2.7555556 2.9576914 2.7250889 1.6466576 2.2291766 3.8931981 3.0139183 0.0000000 2.7721948 2.5920424 2.7102742 3.6092569 1.9134918 3.0276514 2.8539395 2.5416434 1.6146109 2.9712146 2.7199381 2.9572269 3.0218653 1.8581507 2.4273274 2.4842797 2.5570242 3.2845051 3.0130109 2.9772589 3.1875415 3.6360545 3.6908336 3.0809813 3.1841517 2.9772589 3.0130109 
i2_Kp1_kpu_KP1_2414           3.3475693 3.0223723 3.8901225 1.3873353 2.5897338 3.1281949 2.9477546 2.7461639 2.9226131 3.2474089 2.9477546 2.9480091 2.4190221 3.1283921 2.7461639 3.1889274 2.9776496 0.6531427 2.7721948 0.0000000 2.9526961 2.6909742 3.2817095 3.2614112 2.8587402 2.9330282 3.7973075 2.9671665 3.1604604 2.8726144 3.1801611 3.2067641 3.6366790 2.3770497 2.8035396 2.8050903 3.1207682 2.9417891 0.7630706 3.1531004 2.7987344 2.7987344 0.8029099 3.1531004 0.7598765 2.9417891 
i3_Pa1_paei_N296_88           2.3316326 4.4251835 2.9181090 3.2145423 2.6686145 1.7419121 2.0566386 2.6310552 2.2184264 2.1303290 2.0566386 2.2406742 3.1993501 1.7439408 2.6310552 2.4694440 4.5301712 2.7886544 2.5920424 2.9526961 0.0000000 3.6166067 3.8920014 2.5930878 2.0713900 2.0379597 3.0627508 2.7016612 2.2599494 1.5594002 2.1498915 4.0108150 3.2546256 3.0423059 1.4659100 1.4717726 2.5462614 2.5835308 3.1733589 2.7156982 4.2390553 4.2390553 3.1731219 2.7156982 3.1733589 2.5835308 
i1_Pa2_paei_N296_1702         2.9959560 2.4281041 3.5348833 2.7058785 2.5318686 3.5345755 3.1415257 2.6723226 3.0570345 3.5095558 3.1415257 3.0775008 2.3236165 3.5172152 2.6723226 3.9000866 2.9027125 2.6407269 2.7102742 2.6909742 3.6166067 0.0000000 2.8177214 3.7257006 3.2328492 3.0660749 3.8405406 2.9994841 3.8290952 3.0263498 3.6521167 2.4600196 3.2314768 2.5028046 3.0952305 3.1243797 3.6936238 3.6275478 2.6677786 3.8380276 2.8836991 2.8836991 2.6398892 3.8380276 2.6557599 3.6275478 
i1_Pf_pfn_HZ99_05015          3.7438224 2.2778563 4.2357449 3.0635829 3.9304103 3.3618036 3.8431230 3.9632975 3.6240243 4.2353243 3.8431230 3.6308384 2.8445366 3.3552474 3.9632975 4.0556383 2.1679507 3.2667788 3.6092569 3.2817095 3.8920014 2.8177214 0.0000000 3.6127393 3.4183435 3.2834347 4.8738666 3.7519559 4.1344010 3.6236071 4.0470736 2.4639070 3.5552527 2.8001800 3.4647682 3.5712833 4.4150106 3.7336254 3.1136971 4.6200168 2.2309171 2.2192267 3.1685218 4.6200168 3.1103507 3.7336254 
i4a_Pp1_bph_Bphy_5997         2.1676698 3.3239675 2.7578415 3.4122545 2.3315425 2.6949343 3.1196770 2.3263103 2.6951536 3.1843774 3.0741840 2.7161949 3.3532944 2.6955625 2.3334058 1.9649489 3.6081983 3.1906455 1.9134918 3.2614112 2.5930878 3.7257006 3.6127393 0.0000000 3.1056405 2.8683411 3.0427499 2.1469841 2.9568199 2.6439458 3.5191866 3.3865785 2.2430665 3.0072990 2.6956846 2.6902018 3.2645870 3.1639733 3.6807187 3.2736807 3.6073239 3.5205634 3.6947787 3.2803428 3.6807187 3.1639733 
i3_Pp2_bph_Bphy_6121          3.0257975 3.3129197 3.5264641 3.1118419 2.7680084 1.9711594 0.5742134 2.9133653 2.4263942 1.2736446 0.5742134 2.4743137 3.3493888 1.9496682 2.9133653 3.0113559 3.5475804 2.4868261 3.0276514 2.8587402 2.0713900 3.2328492 3.4183435 3.1056405 0.0000000 0.2373928 3.3418292 2.9644859 2.6396728 2.0697254 1.2209135 3.5389566 3.0934734 3.1931168 2.2651431 2.2910779 1.8927276 2.5852170 2.8508073 1.7995230 3.5639050 3.5639050 2.7275108 1.8123511 2.8508073 2.5852170 
i3_Pp3_bph_Bphy_7014          2.9163089 3.4832737 3.3505238 3.0482025 2.6725580 2.0424488 0.6101955 2.7554016 2.4298241 1.2353310 0.6101955 2.4770135 3.3692120 2.0199749 2.7554016 2.8384852 3.7576361 2.5490760 2.8539395 2.9330282 2.0379597 3.0660749 3.2834347 2.8683411 0.2373928 0.0000000 3.5624018 2.9752800 2.7890345 2.0865754 1.2416390 3.4785445 2.9498200 3.2289961 2.2940041 2.2938137 1.8630827 2.6975594 2.7565189 1.8462542 3.6348811 3.6348811 2.6874405 1.8673662 2.7565189 2.6975594 
i5_Rl_rlb_RLEG3_07680         2.5793949 4.6693762 0.6559776 3.8688251 2.2477773 3.1627803 3.4065292 2.1187787 2.6999990 3.7540108 3.4065292 2.7095060 3.8228290 3.1029164 2.1050698 2.9622791 5.3818949 3.5870972 2.5416434 3.7973075 3.0627508 3.8405406 4.8738666 3.0427499 3.3418292 3.5624018 0.0000000 2.1557331 3.0802103 2.7125159 3.2905394 4.0393004 2.1280200 4.1457949 2.7083490 2.7953736 3.2310325 3.4503244 3.5509688 2.9426944 5.1643233 5.1643233 3.4187059 2.9757468 3.4599139 3.4503244 
i4b_Rs_rso_RSp0759            1.7442507 3.4693668 2.3405069 3.0902956 0.8265869 2.7518247 3.0503679 0.8315742 2.7099710 3.1240241 3.0503679 2.6503440 2.8306342 2.7481408 0.8261261 2.1922203 3.5965708 2.6336993 1.6146109 2.9671665 2.7016612 2.9994841 3.7519559 2.1469841 2.9644859 2.9752800 2.1557331 0.0000000 2.6736769 2.7215300 3.5237085 3.5050836 2.1449012 2.8850005 2.6835869 2.7276627 3.0208741 3.2142687 3.0084728 2.9419138 3.7816272 3.7816272 3.0362230 2.9221131 3.0084728 3.2142687 
i3_Sm1_serf_L085_12840        3.3341885 3.9048629 2.8823286 3.2956081 2.8040160 2.3007925 2.7487649 2.6740218 1.8377865 2.9449230 2.7487649 1.8525059 3.5203999 2.3019226 2.6740218 3.1051983 3.9762930 3.0604598 2.9712146 3.1604604 2.2599494 3.8290952 4.1344010 2.9568199 2.6396728 2.7890345 3.0802103 2.6736769 0.0000000 2.2830807 2.7010516 4.0688420 3.1255652 3.1090461 2.5159354 2.5792369 2.7516648 1.0587414 3.0946272 2.6367465 3.6838251 3.6838251 3.0837700 2.6367465 3.0946272 1.0587414 
i3_Sm2_serf_L085_13785        2.4232544 4.0895535 2.5371995 3.2459633 2.5712816 1.2290486 2.0238195 2.4782436 1.9296745 2.0806285 2.0238195 1.9443739 2.9254638 1.2244515 2.4782436 2.3339607 4.0015650 2.6420671 2.7199381 2.8726144 1.5594002 3.0263498 3.6236071 2.6439458 2.0697254 2.0865754 2.7125159 2.7215300 2.2830807 0.0000000 2.2947895 3.9835595 3.0354338 2.6669474 1.6255724 1.6872106 2.1519574 2.2904454 2.9070965 2.2859760 3.6994585 3.6994585 2.8820441 2.2779535 2.9070965 2.2904454 
i3_Stm_setc_CFSAN001921_16070 3.2792563 3.9392222 3.3337924 3.7143251 3.3652532 2.2152866 1.1184277 3.1777581 2.4133506 1.2719064 1.1184277 2.4392491 3.7505130 2.1896387 3.1777581 3.1466415 3.9008758 3.0272725 2.9572269 3.1801611 2.1498915 3.6521167 4.0470736 3.5191866 1.2209135 1.2416390 3.2905394 3.5237085 2.7010516 2.2947895 0.0000000 3.4155903 3.6176522 3.1297097 2.5595161 2.5390556 1.5800197 2.8723448 3.2176461 1.6824968 3.8130818 3.8130818 3.2207931 1.7157486 3.2176461 2.8723448 
i1_Vc_vcm_VCM66_A0117         3.4393560 1.6548641 3.7959492 3.0715427 3.4332456 3.9186069 3.5873377 3.1594974 3.4154993 3.8367609 3.5873377 3.3569216 3.0678295 3.9264670 3.1594974 3.8602183 1.8334462 2.9454865 3.0218653 3.2067641 4.0108150 2.4600196 2.4639070 3.3865785 3.5389566 3.4785445 4.0393004 3.5050836 4.0688420 3.9835595 3.4155903 0.0000000 3.4200361 2.3823963 3.9758421 3.9545481 3.5916559 3.8690340 3.1527979 3.5932809 1.5209223 1.5209223 3.2308936 3.5932809 3.1549888 3.8690340 
i5_Vp1_vpa_VPA1036            1.9594141 4.0568816 2.1309124 3.6094279 2.0695639 3.1039758 3.1693562 2.2023190 2.8828316 3.1385862 3.1693562 2.8735594 3.4387203 3.0983920 2.1853964 2.5958574 4.1098501 3.1437575 1.8581507 3.6366790 3.2546256 3.2314768 3.5552527 2.2430665 3.0934734 2.9498200 2.1280200 2.1449012 3.1255652 3.0354338 3.6176522 3.4200361 0.0000000 2.9305741 3.2611009 3.2339195 3.3265904 3.5025237 3.3073970 3.3530021 4.1034528 4.0736803 3.5580150 3.3549146 3.2497121 3.5025237 
i1_Vp2_vpa_VP1401             3.1731608 2.5768522 3.7575777 2.6538467 2.7877817 2.8242854 3.1948685 2.6677880 3.2031812 3.1630697 3.1948685 3.2103313 2.8577344 2.8109174 2.6677880 3.2570552 2.5317795 2.2803946 2.4273274 2.3770497 3.0423059 2.5028046 2.8001800 3.0072990 3.1931168 3.2289961 4.1457949 2.8850005 3.1090461 2.6669474 3.1297097 2.3823963 2.9305741 0.0000000 3.2380063 3.2306565 3.1502834 3.3138045 2.4617687 3.2026274 2.3489738 2.3489738 2.4919790 3.2026274 2.4497722 3.3138045 
i3_Xc_xac_XAC4112             2.8323813 3.6728670 2.5332009 3.2052622 2.7171072 1.5213972 2.1338694 2.8019042 2.0655482 2.4524172 2.1338694 2.0856471 3.1531606 1.5060264 2.8019042 2.4314999 3.7243232 2.7753091 2.4842797 2.8035396 1.4659100 3.0952305 3.4647682 2.6956846 2.2651431 2.2940041 2.7083490 2.6835869 2.5159354 1.6255724 2.5595161 3.9758421 3.2611009 3.2380063 0.0000000 0.0793276 2.6963696 2.7924567 3.2260646 2.5791151 3.6146825 3.6932688 3.0795080 2.5893705 3.2260646 2.7924567 
i3_Xp_xph_XppCFBP6546_13890   2.8162527 3.7676587 2.6182768 3.2906518 2.7136787 1.5426872 2.1635360 2.8054131 2.1618784 2.5740747 2.1635360 2.1833436 3.1834751 1.5270897 2.8054131 2.5450732 3.5747749 2.8378037 2.5570242 2.8050903 1.4717726 3.1243797 3.5712833 2.6902018 2.2910779 2.2938137 2.7953736 2.7276627 2.5792369 1.6872106 2.5390556 3.9545481 3.2339195 3.2306565 0.0793276 0.0000000 2.6803267 2.7960398 3.2770571 2.5971324 3.5596735 3.6377896 3.1256306 2.6075736 3.2770571 2.7960398 
i3_Ye_yet_CH48_3185           3.0801435 4.0946738 3.7408761 3.2806728 3.3813198 2.3996334 1.8304626 3.3999636 2.3021598 1.4269452 1.8430452 2.3178586 3.9649916 2.3726766 3.3841444 2.8266981 4.0693987 3.1105494 3.2845051 3.1207682 2.5462614 3.6936238 4.4150106 3.2645870 1.8927276 1.8630827 3.2310325 3.0208741 2.7516648 2.1519574 1.5800197 3.5916559 3.3265904 3.1502834 2.6963696 2.6803267 0.0000000 3.0330013 3.1680429 0.3776272 4.1057690 4.1057690 3.1147078 0.3800755 3.1680429 3.0330013 
i3_Yp1_ype_YPO0499            3.2845893 3.6982526 3.2869049 3.3751842 3.0256538 2.7400296 2.7812812 3.1619777 2.2185862 2.7519762 2.7812812 2.2219665 3.7950967 2.7406598 3.1619777 3.5334816 3.7456465 3.0392815 3.0130109 2.9417891 2.5835308 3.6275478 3.7336254 3.1639733 2.5852170 2.6975594 3.4503244 3.2142687 1.0587414 2.2904454 2.8723448 3.8690340 3.5025237 3.3138045 2.7924567 2.7960398 3.0330013 0.0000000 2.9305375 2.7584330 3.4735149 3.4352972 2.9649755 2.7309012 2.9305375 0.0000010 
i2_Yp3_ype_YPO1483            3.3207573 2.9168915 3.8000223 1.3180618 2.7483805 3.0521581 2.8493415 2.8169578 3.0765798 2.9972883 2.8493415 3.0835040 2.4634289 3.0465246 2.8169578 3.3889037 3.1570445 0.6334253 2.9772589 0.7630706 3.1733589 2.6677786 3.1136971 3.6807187 2.8508073 2.7565189 3.5509688 3.0084728 3.0946272 2.9070965 3.2176461 3.1527979 3.3073970 2.4617687 3.2260646 3.2770571 3.1680429 2.9305375 0.0000000 3.2898750 2.8401900 2.8401900 0.1432428 3.2898750 0.0058165 2.9305375 
i3_Yp5_ype_YPO2949            3.1005964 4.3265743 3.5118781 3.1592098 3.3191961 2.3849386 1.8572186 3.1922600 2.4930163 1.3711342 1.8518763 2.5048446 3.8896328 2.3582850 3.1799090 2.8971065 4.1653991 3.0990892 3.1875415 3.1531004 2.7156982 3.8380276 4.6200168 3.2736807 1.7995230 1.8462542 2.9426944 2.9419138 2.6367465 2.2859760 1.6824968 3.5932809 3.3530021 3.2026274 2.5791151 2.5971324 0.3776272 2.7584330 3.2898750 0.0000000 4.1606995 4.1606995 3.2527098 0.0027679 3.2898750 2.7584330 
i1_Yp6_ype_YPO3602            4.1095882 1.1865341 4.6446648 3.2727687 4.1808342 3.5813285 3.4770132 3.5342611 3.9170348 3.8540606 3.4770132 3.8789194 3.1738385 3.5736017 3.5342611 4.2432759 0.9241226 2.6669562 3.6360545 2.7987344 4.2390553 2.8836991 2.2309171 3.6073239 3.5639050 3.6348811 5.1643233 3.7816272 3.6838251 3.6994585 3.8130818 1.5209223 4.1034528 2.3489738 3.6146825 3.5596735 4.1057690 3.4735149 2.8401900 4.1606995 0.0000000 0.0000010 2.9650005 4.1606995 2.8348604 3.4735149 
i1_Yps1_ypi_YpsIP31758_0325   4.1095882 1.1865341 4.6446648 3.2727687 4.1082153 3.6491084 3.4770132 3.4916824 3.9170348 3.8540606 3.4770132 3.8789194 3.1571471 3.6411118 3.4916824 4.2912879 0.9106393 2.6669562 3.6908336 2.7987344 4.2390553 2.8836991 2.2192267 3.5205634 3.5639050 3.6348811 5.1643233 3.7816272 3.6838251 3.6994585 3.8130818 1.5209223 4.0736803 2.3489738 3.6932688 3.6377896 4.1057690 3.4352972 2.8401900 4.1606995 0.0000010 0.0000000 2.9650005 4.1606995 2.8348604 3.4352972 
i2_Yps3_ypi_YpsIP31758_0796   3.0696172 3.0033863 3.6548554 1.2565755 2.6895211 3.0651388 2.8375605 2.8138389 2.8807893 2.8569084 2.8375605 2.9049870 2.3894674 3.0228822 2.8138389 3.4499568 3.1060578 0.6443973 3.0809813 0.8029099 3.1731219 2.6398892 3.1685218 3.6947787 2.7275108 2.6874405 3.4187059 3.0362230 3.0837700 2.8820441 3.2207931 3.2308936 3.5580150 2.4919790 3.0795080 3.1256306 3.1147078 2.9649755 0.1432428 3.2527098 2.9650005 2.9650005 0.0000000 3.2527098 0.1430471 2.9649755 
i3_Yps4_ypi_YpsIP31758_1359   3.1426319 4.3265743 3.5396882 3.1592098 3.3626886 2.3849386 1.8522689 3.2161618 2.4930163 1.3762259 1.8469892 2.5048446 3.8841284 2.3582850 3.2010552 2.8971065 4.1653991 3.0990892 3.1841517 3.1531004 2.7156982 3.8380276 4.6200168 3.2803428 1.8123511 1.8673662 2.9757468 2.9221131 2.6367465 2.2779535 1.7157486 3.5932809 3.3549146 3.2026274 2.5893705 2.6075736 0.3800755 2.7309012 3.2898750 0.0027679 4.1606995 4.1606995 3.2527098 0.0000000 3.2898750 2.7309012 
i2_Yps5_ypi_YpsIP31758_2492   3.3207573 2.9160527 3.7226533 1.3148979 2.7483805 3.0521581 2.8493415 2.8169578 3.0765798 2.9972883 2.8493415 3.0835040 2.4662935 3.0465246 2.8169578 3.3889037 3.1709526 0.6353924 2.9772589 0.7598765 3.1733589 2.6557599 3.1103507 3.6807187 2.8508073 2.7565189 3.4599139 3.0084728 3.0946272 2.9070965 3.2176461 3.1549888 3.2497121 2.4497722 3.2260646 3.2770571 3.1680429 2.9305375 0.0058165 3.2898750 2.8348604 2.8348604 0.1430471 3.2898750 0.0000000 2.9305375 
i3_Yps6_ypi_YpsIP31758_3437   3.2845893 3.6982526 3.2869049 3.3751842 3.0256538 2.7400296 2.7812812 3.1619777 2.2185862 2.7519762 2.7812812 2.2219665 3.7950967 2.7406598 3.1619777 3.5334816 3.7456465 3.0392815 3.0130109 2.9417891 2.5835308 3.6275478 3.7336254 3.1639733 2.5852170 2.6975594 3.4503244 3.2142687 1.0587414 2.2904454 2.8723448 3.8690340 3.5025237 3.3138045 2.7924567 2.7960398 3.0330013 0.0000010 2.9305375 2.7584330 3.4735149 3.4352972 2.9649755 2.7309012 2.9305375 0.0000000 
