51
i4b_Ab_abaz_P795_10840        0.0000000 3.4119399 3.3495289 3.3382570 1.1824889 2.2696549 3.2400555 4.3014442 2.7943730 3.9755265 3.2472228 4.2799832 2.7713477 2.2696549 1.1546767 3.0442874 4.6811505 2.9420417 3.6759998 2.5719380 3.1612468 2.9795754 3.4005257 3.8903346 3.2241915 2.6916265 2.5774025 4.2214706 3.3248807 4.3675614 3.1584308 3.5111253 3.4906845 1.2380239 3.8926304 2.5730930 3.6099946 3.3383358 2.7077803 2.8117114 2.6067785 2.5778492 3.4799398 3.1731208 3.1731208 3.3152940 3.3152940 3.1681136 3.2493989 3.5485332 3.2069073 
i1_Ah_ahj_V469_13130          3.4119399 0.0000000 2.2903584 3.7478121 3.1863462 1.9391138 2.3668825 3.0589860 3.4397301 2.4267511 2.3395554 2.9056863 3.5102338 1.9391138 3.1066431 2.8763883 5.3613267 2.4210259 1.0714376 3.2049588 4.0560256 3.3462337 2.2972030 3.5056156 3.3831113 2.2545837 1.7881909 4.2607819 1.5085087 4.3214941 2.4149789 2.3048207 2.3540172 3.1909955 2.4463278 1.7801865 2.1287756 0.9785643 2.6022796 1.8452331 1.9997034 1.8869391 3.0604391 3.0138323 3.0138323 0.9628338 0.9628338 3.0736494 3.1332634 3.0717635 3.0857239 
i5_At_atf_Ach5_45000          3.3495289 2.2903584 0.0000000 3.8318549 2.7532975 2.1202450 2.3596662 2.9368768 4.3706762 2.5403787 2.3898405 2.8380107 4.2063023 2.1202450 2.6874480 3.7881963 6.0126445 3.3612234 2.9277162 2.8779731 4.2354471 3.5286860 3.2528831 4.2528890 3.5741640 2.1043376 2.1574463 4.9264456 2.6133380 4.0238455 2.4269158 2.5432781 0.3193285 2.8540374 2.6507118 2.0020511 2.6389641 2.7627291 2.3351813 2.6823819 2.2563121 2.1615843 2.6359340 3.5117118 3.5117118 2.8013751 2.8013751 3.5466176 3.4149650 2.5290238 3.5152035 
i2_Bc1_bceo_I35_4155          3.3382570 3.7478121 3.8318549 0.0000000 3.0395872 2.8037567 3.0419522 3.7953493 3.4190347 3.6415620 3.0419522 3.7953493 3.3988676 2.8037567 2.7951422 2.3976244 4.5658057 4.3469836 3.4727754 3.0262205 2.3825270 3.0910851 4.2762471 2.6600304 2.5775955 2.9114917 3.2159718 4.1398466 3.5723527 4.3448119 3.6824220 3.7135416 4.1785773 2.7734929 3.8526886 2.9775203 4.0679694 3.6876917 3.0683847 3.7785701 3.0787294 3.0445890 3.5921739 2.3728033 2.3728033 3.8472347 3.8472347 2.3893130 2.5139117 3.6495721 2.4871766 
i4b_Bc2_bceo_I35_0328         1.1824889 3.1863462 2.7532975 3.0395872 0.0000000 2.3560249 2.7386421 4.2689959 2.9082012 3.3890729 2.7449776 4.1185755 2.8862932 2.3560249 0.1133761 3.5360344 4.9746254 3.2831609 3.8310903 2.9401408 3.6586622 3.1324946 3.0389360 3.8210705 3.6513392 2.2439011 2.5077302 3.9778301 2.9907103 4.9000153 2.6763259 3.2811012 2.7447363 0.4553518 3.5697962 2.4078207 3.2078839 3.5838523 2.8067704 3.1207511 2.4081625 2.3421303 3.6032786 3.4229384 3.4229384 3.8155997 3.8155997 3.4167484 3.6191656 3.6073609 3.4394760 
i3_Bm1_bmal_DM55_3350         2.2696549 1.9391138 2.1202450 2.8037567 2.3560249 0.0000000 1.5349558 2.3798082 3.2692191 1.5082856 1.5286469 2.3442075 3.2820258 0.0000010 2.1912851 3.1309524 4.8850233 2.5149371 2.1474412 2.3263905 3.0812951 2.9806491 3.0183328 3.4768764 2.9146959 1.0182125 1.4416959 4.1067475 2.5133627 4.7134642 1.6017706 1.6542601 2.0840516 2.2928879 2.1872150 0.8062215 1.6249153 1.9747700 1.5950111 2.0459214 1.5853058 1.5411548 1.9124783 3.2011047 3.2011047 2.2024400 2.2024400 3.2461834 3.2952301 1.9270707 3.2589678 
i3_Bm2_bmal_DM55_3872         3.2400555 2.3668825 2.3596662 3.0419522 2.7386421 1.5349558 0.0000000 2.4666446 3.7148946 1.2364190 0.0073536 2.3118379 3.8047447 1.5349558 2.5564197 3.4842236 4.3725812 3.4599896 2.6304302 3.3399880 3.4794096 4.0204116 3.4112762 3.3736384 3.3549368 1.6874946 2.3148364 3.7427423 2.8737783 3.9786385 0.4885354 0.5762745 2.2617998 2.7691136 2.4671003 1.4821032 1.1391821 2.3324459 2.0506761 2.7725536 1.9626622 1.8856627 1.6028049 3.5216103 3.5216103 2.8455326 2.8455326 3.5585171 3.3160517 1.5806062 3.5847454 
i3_Bm4_bmal_DM55_4037         4.3014442 3.0589860 2.9368768 3.7953493 4.2689959 2.3798082 2.4666446 0.0000000 3.4632236 2.2992329 2.4674608 0.0026155 3.5158691 2.3798082 4.2813508 4.0043110 5.4250652 3.9972714 3.0375650 4.1383752 4.1814336 4.7618743 4.3242217 4.4532285 3.6821052 2.3852685 2.4386296 4.8328077 3.3100809 4.7222630 2.6749200 2.8958620 3.0724797 3.9781363 1.4417909 2.1557950 2.3009227 3.1458413 2.8907768 2.9799893 2.3022163 2.2226039 2.8194900 4.0468178 4.0468178 3.3160253 3.3160253 4.0465366 3.6889999 2.7305154 4.0498162 
i1_Bm5_bmal_DM55_4712         2.7943730 3.4397301 4.3706762 3.4190347 2.9082012 3.2692191 3.7148946 3.4632236 0.0000000 3.9808625 3.7148946 3.3879752 0.0057614 3.2692191 2.7608083 2.9744995 3.9711742 4.5187241 4.1814060 2.5238542 2.8897851 1.8033754 4.6220020 3.8855429 3.0996641 3.7436539 3.2519282 3.1951141 3.8142130 3.5792195 4.2471245 4.4271259 4.3525430 2.8456414 3.6078554 3.5527083 3.6283433 3.8757466 3.5387347 3.5915722 2.6829303 2.7223617 4.1501688 3.6330189 3.6330189 4.2064462 4.2064462 3.6447052 4.0423003 4.4302779 3.7296924 
i3_Bps1_bps_BPSS0102          3.9755265 2.4267511 2.5403787 3.6415620 3.3890729 1.5082856 1.2364190 2.2992329 3.9808625 0.0000000 1.2424916 2.2620304 4.0149375 1.5082856 3.3642793 3.8009684 5.9890138 3.1257310 2.3838198 3.2626698 3.4844603 4.2333748 3.6247666 3.6658510 3.7557003 1.6984060 2.2091302 4.1051638 2.7231799 4.4789500 1.3317233 1.3971247 2.4642839 3.4365299 2.4076883 1.5018514 0.9011607 2.3495967 2.0814818 2.6340722 2.0287934 1.9279802 1.2954793 3.3091649 3.3091649 2.8627539 2.8627539 3.2837699 3.1396495 1.2623399 3.2964372 
i3_Bps2_bps_BPSS0168          3.2472228 2.3395554 2.3898405 3.0419522 2.7449776 1.5286469 0.0073536 2.4674608 3.7148946 1.2424916 0.0000000 2.3125017 3.8047447 1.5286469 2.5625248 3.4842236 4.3301945 3.4626494 2.6279873 3.3399880 3.4794096 4.0204116 3.4294367 3.3736384 3.3549368 1.6649972 2.2930899 3.7384788 2.8754109 3.9877710 0.4873717 0.5632872 2.2904079 2.7753834 2.4745299 1.4733436 1.1466384 2.3144473 2.0455595 2.7725536 1.9491482 1.8723372 1.6056781 3.5216103 3.5216103 2.8143890 2.8143890 3.5585171 3.3160517 1.5975349 3.5847454 
i3_Bps3_bps_BPSS0531          4.2799832 2.9056863 2.8380107 3.7953493 4.1185755 2.3442075 2.3118379 0.0026155 3.3879752 2.2620304 2.3125017 0.0000000 3.4014328 2.3442075 4.1274152 4.0043110 5.3828541 3.9272431 2.9268399 4.2467231 4.0534578 4.6622354 4.0761639 4.4390795 3.7528478 2.3403571 2.3434101 4.5378251 3.0751648 4.5815875 2.5111377 2.8404545 2.9728755 3.8783031 1.3773528 2.1267902 2.1931916 3.0887089 2.8014128 2.8047511 2.2169613 2.1388319 2.6718451 3.9166606 3.9166606 3.2085691 3.2085691 3.9164430 3.6741466 2.6480012 3.9195527 
i1_Bps4_bps_BPSS1510          2.7713477 3.5102338 4.2063023 3.3988676 2.8862932 3.2820258 3.8047447 3.5158691 0.0057614 4.0149375 3.8047447 3.4014328 0.0000000 3.2820258 2.7397590 2.9494466 3.9710080 4.5192602 4.1511641 2.5349627 2.9061857 1.8312222 4.5308356 3.8744204 3.1598842 3.8388801 3.2591767 3.1977566 3.7861294 3.5633034 4.0966749 4.5337116 4.2349842 2.8036133 3.5326896 3.5321875 3.7606768 3.9052359 3.5380205 3.7319799 2.6837181 2.7237343 4.2624980 3.5587435 3.5587435 4.1759683 4.1759683 3.5703575 4.0527535 4.3586515 3.6545406 
i3_Bps5_bps_BPSS2105          2.2696549 1.9391138 2.1202450 2.8037567 2.3560249 0.0000010 1.5349558 2.3798082 3.2692191 1.5082856 1.5286469 2.3442075 3.2820258 0.0000000 2.1912851 3.1309524 4.8850233 2.5149371 2.1474412 2.3263905 3.0812951 2.9806491 3.0183328 3.4768764 2.9146959 1.0182125 1.4416959 4.1067475 2.5133627 4.7134642 1.6017706 1.6542601 2.0840516 2.2928879 2.1872150 0.8062215 1.6249153 1.9747700 1.5950111 2.0459214 1.5853058 1.5411548 1.9124783 3.2011047 3.2011047 2.2024400 2.2024400 3.2461834 3.2952301 1.9270707 3.2589678 
i4b_Bps6_bps_BPSL3111         1.1546767 3.1066431 2.6874480 2.7951422 0.1133761 2.1912851 2.5564197 4.2813508 2.7608083 3.3642793 2.5625248 4.1274152 2.7397590 2.1912851 0.0000000 3.3297531 4.7226203 3.3299647 3.9951779 2.7573639 3.4473238 3.0776837 3.1832754 3.7437403 3.4485834 2.0518431 2.3955869 3.8080398 2.8421230 5.0589390 2.7109451 3.3060694 2.7197826 0.4892934 3.5269940 2.2886946 3.1827431 3.6098107 2.7842359 2.9259528 2.2619143 2.2000422 3.4742784 3.1881468 3.1881468 3.9181300 3.9181300 3.2338885 3.3919669 3.5431997 3.2551947 
i2_Cf1_cfd_CFNIH1_02185       3.0442874 2.8763883 3.7881963 2.3976244 3.5360344 3.1309524 3.4842236 4.0043110 2.9744995 3.8009684 3.4842236 4.0043110 2.9494466 3.1309524 3.3297531 0.0000000 3.2443237 3.4144394 3.2076739 2.8819607 0.8894767 2.9716659 3.6874821 1.9895913 0.7650616 3.2842901 3.4715919 3.6079680 3.1538577 3.7955472 3.9042155 3.6760363 3.7618699 3.3284341 3.9445532 3.6463276 3.4699692 2.6120205 2.9179136 2.8994585 3.1715583 3.1007039 4.1882734 1.5695815 1.5695815 3.2087570 3.2087570 1.5725789 1.5378505 4.1567311 1.5877254 
i4a_Cf2_cfd_CFNIH1_08870      4.6811505 5.3613267 6.0126445 4.5658057 4.9746254 4.8850233 4.3725812 5.4250652 3.9711742 5.9890138 4.3301945 5.3828541 3.9710080 4.8850233 4.7226203 3.2443237 0.0000000 6.1063832 5.1951552 3.9303382 3.5990131 3.7294179 6.2172984 3.6886049 3.3619946 5.2989547 5.3647750 2.3018602 5.9903426 3.2604641 5.3953012 4.6793059 5.7040375 4.3774824 5.2483032 4.4464677 6.2025792 4.5709455 4.5112345 4.2772165 4.7635463 4.8381893 5.7501682 3.3440850 3.3440850 5.6383647 5.6383647 3.3714908 3.3435282 5.9240564 3.4183897 
i1_Cj_cjl_PJ17_05095          2.9420417 2.4210259 3.3612234 4.3469836 3.2831609 2.5149371 3.4599896 3.9972714 4.5187241 3.1257310 3.4626494 3.9272431 4.5192602 2.5149371 3.3299647 3.4144394 6.1063832 0.0000000 2.9092696 3.0578465 4.1094762 4.1043059 1.2898334 4.4505164 3.7818809 2.8560836 2.7059369 5.4762370 2.3724897 6.1581711 3.5345285 3.3375024 3.4862853 3.2890725 3.4473144 3.1361487 3.4101515 2.2887689 2.6997312 2.2577503 2.8343326 2.7796258 3.1156854 3.6862142 3.6862142 2.4421286 2.4421286 3.7332296 3.4468868 3.1479253 3.7456910 
i1_EAEC1_eck_EC55989_0224     3.6759998 1.0714376 2.9277162 3.4727754 3.8310903 2.1474412 2.6304302 3.0375650 4.1814060 2.3838198 2.6279873 2.9268399 4.1511641 2.1474412 3.9951779 3.2076739 5.1951552 2.9092696 0.0000000 3.3647316 4.1298822 3.7294930 2.8089959 3.9617162 3.1045166 2.1010078 2.4805546 4.4745634 2.1762972 4.4060573 2.4858276 2.9603187 3.0419342 3.5081572 2.5023534 2.2037074 2.5903475 1.5990895 2.9959287 2.2684187 2.2143659 2.1287192 3.6834841 3.5531110 3.5531110 0.6989236 0.6989236 3.5668750 3.4651089 3.8218687 3.6071727 
i4b_EAEC2_eck_EC55989_3285    2.5719380 3.2049588 2.8779731 3.0262205 2.9401408 2.3263905 3.3399880 4.1383752 2.5238542 3.2626698 3.3399880 4.2467231 2.5349627 2.3263905 2.7573639 2.8819607 3.9303382 3.0578465 3.3647316 0.0000000 2.8786308 2.5346119 3.0478939 3.3627034 2.4816845 2.5698727 2.6187154 3.7731546 3.1024966 3.1492645 3.6222591 3.2193966 2.9454374 2.6917109 3.1718816 2.7752681 3.2371989 3.3804454 3.1267459 3.3143422 2.2596779 2.2652627 3.2240463 3.1441570 3.1441570 3.4024396 3.4024396 3.1660646 3.2300165 3.0156043 3.1823182 
i2_EAEC3_eck_EC55989_3337     3.1612468 4.0560256 4.2354471 2.3825270 3.6586622 3.0812951 3.4794096 4.1814336 2.8897851 3.4844603 3.4794096 4.0534578 2.9061857 3.0812951 3.4473238 0.8894767 3.5990131 4.1094762 4.1298822 2.8786308 0.0000000 3.3289428 4.4072325 2.0129211 0.5806852 3.1507716 3.7108306 3.8512152 3.7407642 4.7991368 4.0561179 3.6660151 4.2098268 3.3516906 4.2608922 3.7003307 3.8667523 3.2298481 2.8393440 3.0177120 3.4339050 3.2897527 3.6660624 1.8690767 1.8690767 4.3189111 4.3189111 1.8819466 1.7814584 3.8834571 1.8989474 
i4b_Et_etr_ETAE_2442          2.9795754 3.3462337 3.5286860 3.0910851 3.1324946 2.9806491 4.0204116 4.7618743 1.8033754 4.2333748 4.0204116 4.6622354 1.8312222 2.9806491 3.0776837 2.9716659 3.7294179 4.1043059 3.7294930 2.5346119 3.3289428 0.0000000 4.9288665 3.9481648 3.3750196 3.5915049 3.1967351 3.5337797 3.9540326 3.7597892 4.8752888 4.0820931 3.7936451 3.2974263 4.3241154 3.2424517 3.7219858 3.9117589 3.4868133 3.1702058 2.6466659 2.6584592 3.9957490 3.0350926 3.0350926 4.0698226 4.0698226 3.0409021 3.1637350 4.1723013 3.0751851 
i1_Hh_hhe_HH_0251             3.4005257 2.2972030 3.2528831 4.2762471 3.0389360 3.0183328 3.4112762 4.3242217 4.6220020 3.6247666 3.4294367 4.0761639 4.5308356 3.0183328 3.1832754 3.6874821 6.2172984 1.2898334 2.8089959 3.0478939 4.4072325 4.9288665 0.0000000 4.8960085 3.8947680 3.0697588 3.0295380 6.1761600 2.8092975 4.8443112 3.3851650 3.8082975 3.3349333 3.4476725 3.7760813 3.3019353 3.8224732 2.5088663 3.0242835 2.7049965 2.9911556 2.9451832 3.9127977 4.0197008 4.0197008 2.3534138 2.3534138 4.0755207 3.9784973 3.9087402 4.0533379 
i2_Kp1_kpu_KP1_2396           3.8903346 3.5056156 4.2528890 2.6600304 3.8210705 3.4768764 3.3736384 4.4532285 3.8855429 3.6658510 3.3736384 4.4390795 3.8744204 3.4768764 3.7437403 1.9895913 3.6886049 4.4505164 3.9617162 3.3627034 2.0129211 3.9481648 4.8960085 0.0000000 1.8570503 3.3903031 3.5829535 3.5779274 3.7885879 5.0818736 3.6997065 3.2182170 4.0143019 3.6250554 3.7756643 3.3566733 3.6908182 3.3578231 3.4256752 3.7079793 3.3896865 3.3150322 4.1432567 0.9473056 0.9473056 4.1287227 4.1287227 0.9505941 0.8763653 3.7802619 0.9670811 
i2_Kp2_kpu_KP1_3386           3.2241915 3.3831113 3.5741640 2.5775955 3.6513392 2.9146959 3.3549368 3.6821052 3.0996641 3.7557003 3.3549368 3.7528478 3.1598842 2.9146959 3.4485834 0.7650616 3.3619946 3.7818809 3.1045166 2.4816845 0.5806852 3.3750196 3.8947680 1.8570503 0.0000000 2.9502664 3.3239257 3.6859410 3.4281524 4.4099730 3.8568535 3.7716053 3.6992234 3.3326946 3.4591192 3.8019093 3.4653825 2.8258380 2.7590826 3.1268952 2.9405509 2.8686477 3.5265673 1.7275602 1.7275602 3.6524807 3.6524807 1.7304492 1.6272344 3.5505791 1.7447094 
i3_Pa1_paei_N296_84           2.6916265 2.2545837 2.1043376 2.9114917 2.2439011 1.0182125 1.6874946 2.3852685 3.7436539 1.6984060 1.6649972 2.3403571 3.8388801 1.0182125 2.0518431 3.2842901 5.2989547 2.8560836 2.1010078 2.5698727 3.1507716 3.5915049 3.0697588 3.3903031 2.9502664 0.0000000 1.4436538 4.2642321 2.6323669 3.6454180 1.8275369 1.6924757 2.0073272 2.3427795 2.1851698 1.2372995 1.7852880 2.2741321 1.6657424 2.3263739 1.6894335 1.6545150 2.0805735 3.5585217 3.5585217 2.2259986 2.2259986 3.6063161 3.3735273 2.1128619 3.6451792 
i1_Pa2_paei_N296_1714         2.5774025 1.7881909 2.1574463 3.2159718 2.5077302 1.4416959 2.3148364 2.4386296 3.2519282 2.2091302 2.2930899 2.3434101 3.2591767 1.4416959 2.3955869 3.4715919 5.3647750 2.7059369 2.4805546 2.6187154 3.7108306 3.1967351 3.0295380 3.5829535 3.3239257 1.4436538 0.0000000 4.0112935 2.2381017 4.2220671 2.2958027 2.2329556 2.3194713 2.6261001 2.3876195 1.3969399 2.0137332 2.1831461 2.1772485 1.8611823 1.4949606 1.3962489 2.6372467 3.7419237 3.7419237 2.4055712 2.4055712 3.7396143 3.7371929 2.5039567 3.7550311 
i4b_Pa3_paei_N296_2436        4.2214706 4.2607819 4.9264456 4.1398466 3.9778301 4.1067475 3.7427423 4.8328077 3.1951141 4.1051638 3.7384788 4.5378251 3.1977566 4.1067475 3.8080398 3.6079680 2.3018602 5.4762370 4.4745634 3.7731546 3.8512152 3.5337797 6.1761600 3.5779274 3.6859410 4.2642321 4.0112935 0.0000000 3.6465767 3.1425648 3.8914336 3.9211639 4.7277168 3.6878156 5.1944430 3.7822763 3.7736011 4.8580720 3.9429054 3.8720262 3.8490042 3.7851601 4.6039902 4.0962116 4.0962116 4.7726586 4.7726586 4.0031309 3.9548346 4.6188156 4.0157401 
i1_Pf_pfn_HZ99_05060          3.3248807 1.5085087 2.6133380 3.5723527 2.9907103 2.5133627 2.8737783 3.3100809 3.8142130 2.7231799 2.8754109 3.0751648 3.7861294 2.5133627 2.8421230 3.1538577 5.9903426 2.3724897 2.1762972 3.1024966 3.7407642 3.9540326 2.8092975 3.7885879 3.4281524 2.6323669 2.2381017 3.6465767 0.0000000 5.1576424 2.8993356 3.0836289 2.7511376 2.6534430 3.3347169 2.5147284 2.6132350 1.5965989 2.5205876 2.1131325 2.1329047 1.9807711 2.9332980 3.4280830 3.4280830 2.2088572 2.2088572 3.4993538 3.5428031 3.0606430 3.5412016 
i4a_Pp1_bph_Bphy_5995         4.3675614 4.3214941 4.0238455 4.3448119 4.9000153 4.7134642 3.9786385 4.7222630 3.5792195 4.4789500 3.9877710 4.5815875 3.5633034 4.7134642 5.0589390 3.7955472 3.2604641 6.1581711 4.4060573 3.1492645 4.7991368 3.7597892 4.8443112 5.0818736 4.4099730 3.6454180 4.2220671 3.1425648 5.1576424 0.0000000 4.2017130 3.5625990 4.2436154 4.4078366 4.1979446 3.7824821 4.3054879 4.6391648 3.8517122 3.9883763 4.2665122 4.1321676 4.4727562 4.2558099 4.2558099 4.1821743 4.1821743 4.2503586 4.3727092 4.4582047 4.3088036 
i3_Pp2_bph_Bphy_6109          3.1584308 2.4149789 2.4269158 3.6824220 2.6763259 1.6017706 0.4885354 2.6749200 4.2471245 1.3317233 0.4873717 2.5111377 4.0966749 1.6017706 2.7109451 3.9042155 5.3953012 3.5345285 2.4858276 3.6222591 4.0561179 4.8752888 3.3851650 3.6997065 3.8568535 1.8275369 2.2958027 3.8914336 2.8993356 4.2017130 0.0000000 0.4013138 2.1985449 2.8555435 2.4798448 1.6023136 1.2122980 2.6115126 2.1369447 2.8066726 1.8940779 1.8181926 1.6339411 4.0745948 4.0745948 2.6534923 2.6534923 4.0632982 3.7922055 1.5836366 4.0937803 
i3_Pp3_bph_Bphy_7017          3.5111253 2.3048207 2.5432781 3.7135416 3.2811012 1.6542601 0.5762745 2.8958620 4.4271259 1.3971247 0.5632872 2.8404545 4.5337116 1.6542601 3.3060694 3.6760363 4.6793059 3.3375024 2.9603187 3.2193966 3.6660151 4.0820931 3.8082975 3.2182170 3.7716053 1.6924757 2.2329556 3.9211639 3.0836289 3.5625990 0.4013138 0.0000000 2.3556993 3.1987349 2.7440356 1.6015017 1.2692169 2.5928151 2.2710565 2.9046086 1.9771643 1.9547261 1.7164407 3.5376292 3.5376292 3.0469847 3.0469847 3.5013905 3.2560456 1.6630413 3.5260613 
i5_Rl_rlb_RLEG3_07630         3.4906845 2.3540172 0.3193285 4.1785773 2.7447363 2.0840516 2.2617998 3.0724797 4.3525430 2.4642839 2.2904079 2.9728755 4.2349842 2.0840516 2.7197826 3.7618699 5.7040375 3.4862853 3.0419342 2.9454374 4.2098268 3.7936451 3.3349333 4.0143019 3.6992234 2.0073272 2.3194713 4.7277168 2.7511376 4.2436154 2.1985449 2.3556993 0.0000000 2.7465076 2.6459818 2.0758983 2.6579309 2.7068079 2.2682950 2.9478126 2.2307751 2.1546039 2.6629336 3.6569555 3.6569555 2.7644890 2.7644890 3.7038621 3.5909575 2.5627678 3.6666144 
i4b_Rs_rso_RSp0739            1.2380239 3.1909955 2.8540374 2.7734929 0.4553518 2.2928879 2.7691136 3.9781363 2.8456414 3.4365299 2.7753834 3.8783031 2.8036133 2.2928879 0.4892934 3.3284341 4.3774824 3.2890725 3.5081572 2.6917109 3.3516906 3.2974263 3.4476725 3.6250554 3.3326946 2.3427795 2.6261001 3.6878156 2.6534430 4.4078366 2.8555435 3.1987349 2.7465076 0.0000000 3.5394921 2.5773020 3.2811167 3.3671811 2.6899569 3.0265260 2.3848406 2.3414427 3.4817733 2.9751012 2.9751012 3.5093312 3.5093312 2.9820618 3.1916506 3.5363548 3.0192340 
i3_Sm1_serf_L085_12915        3.8926304 2.4463278 2.6507118 3.8526886 3.5697962 2.1872150 2.4671003 1.4417909 3.6078554 2.4076883 2.4745299 1.3773528 3.5326896 2.1872150 3.5269940 3.9445532 5.2483032 3.4473144 2.5023534 3.1718816 4.2608922 4.3241154 3.7760813 3.7756643 3.4591192 2.1851698 2.3876195 5.1944430 3.3347169 4.1979446 2.4798448 2.7440356 2.6459818 3.5394921 0.0000000 2.2834296 2.3593861 2.8301674 2.7504480 3.0407586 2.3513586 2.3080827 3.0859934 3.1761256 3.1761256 2.5727272 2.5727272 3.2269962 3.4283867 3.0512645 3.2406477 
i3_Sm2_serf_L085_13800        2.5730930 1.7801865 2.0020511 2.9775203 2.4078207 0.8062215 1.4821032 2.1557950 3.5527083 1.5018514 1.4733436 2.1267902 3.5321875 0.8062215 2.2886946 3.6463276 4.4464677 3.1361487 2.2037074 2.7752681 3.7003307 3.2424517 3.3019353 3.3566733 3.8019093 1.2372995 1.3969399 3.7822763 2.5147284 3.7824821 1.6023136 1.6015017 2.0758983 2.5773020 2.2834296 0.0000000 1.4701245 1.8041657 1.6142251 2.0592054 1.6355256 1.6268957 1.6203451 2.8434007 2.8434007 2.3043120 2.3043120 2.8260444 2.9462228 1.5703554 2.8367864 
i3_Stm_setc_CFSAN001921_15995 3.6099946 2.1287756 2.6389641 4.0679694 3.2078839 1.6249153 1.1391821 2.3009227 3.6283433 0.9011607 1.1466384 2.1931916 3.7606768 1.6249153 3.1827431 3.4699692 6.2025792 3.4101515 2.5903475 3.2371989 3.8667523 3.7219858 3.8224732 3.6908182 3.4653825 1.7852880 2.0137332 3.7736011 2.6132350 4.3054879 1.2122980 1.2692169 2.6579309 3.2811167 2.3593861 1.4701245 0.0000000 2.5398839 2.0835739 2.2822022 2.0143246 1.9257614 1.4137801 3.2380993 3.2380993 2.6495405 2.6495405 3.1994756 3.1857870 1.4247857 3.2161662 
i1_Vc_vcm_VCM66_A0113         3.3383358 0.9785643 2.7627291 3.6876917 3.5838523 1.9747700 2.3324459 3.1458413 3.8757466 2.3495967 2.3144473 3.0887089 3.9052359 1.9747700 3.6098107 2.6120205 4.5709455 2.2887689 1.5990895 3.3804454 3.2298481 3.9117589 2.5088663 3.3578231 2.8258380 2.2741321 2.1831461 4.8580720 1.5965989 4.6391648 2.6115126 2.5928151 2.7068079 3.3671811 2.8301674 1.8041657 2.5398839 0.0000000 2.6051664 2.1996269 2.2905076 2.2472774 2.8931913 3.0076203 3.0076203 1.5412726 1.5412726 3.0065171 3.1820127 2.9070713 2.9705152 
i5_Vp1_vpa_VPA1040            2.7077803 2.6022796 2.3351813 3.0683847 2.8067704 1.5950111 2.0506761 2.8907768 3.5387347 2.0814818 2.0455595 2.8014128 3.5380205 1.5950111 2.7842359 2.9179136 4.5112345 2.6997312 2.9959287 3.1267459 2.8393440 3.4868133 3.0242835 3.4256752 2.7590826 1.6657424 2.1772485 3.9429054 2.5205876 3.8517122 2.1369447 2.2710565 2.2682950 2.6899569 2.7504480 1.6142251 2.0835739 2.6051664 0.0000000 2.2623583 2.1387360 2.0891884 2.3696459 3.3713976 3.3713976 2.9718456 2.9718456 3.3656705 3.2551100 2.3844038 3.3507968 
i1_Vp2_vpa_VP1414             2.8117114 1.8452331 2.6823819 3.7785701 3.1207511 2.0459214 2.7725536 2.9799893 3.5915722 2.6340722 2.7725536 2.8047511 3.7319799 2.0459214 2.9259528 2.8994585 4.2772165 2.2577503 2.2684187 3.3143422 3.0177120 3.1702058 2.7049965 3.7079793 3.1268952 2.3263739 1.8611823 3.8720262 2.1131325 3.9883763 2.8066726 2.9046086 2.9478126 3.0265260 3.0407586 2.0592054 2.2822022 2.1996269 2.2623583 0.0000000 2.1582084 2.1118723 2.4854344 3.1115874 3.1115874 2.4046400 2.4046400 3.1795984 3.1486758 2.6659552 3.2110611 
i3_Xc_xac_XAC4120             2.6067785 1.9997034 2.2563121 3.0787294 2.4081625 1.5853058 1.9626622 2.3022163 2.6829303 2.0287934 1.9491482 2.2169613 2.6837181 1.5853058 2.2619143 3.1715583 4.7635463 2.8343326 2.2143659 2.2596779 3.4339050 2.6466659 2.9911556 3.3896865 2.9405509 1.6894335 1.4949606 3.8490042 2.1329047 4.2665122 1.8940779 1.9771643 2.2307751 2.3848406 2.3513586 1.6355256 2.0143246 2.2905076 2.1387360 2.1582084 0.0000000 0.0233281 2.5565248 3.2271186 3.2271186 2.0348301 2.0348301 3.2186644 3.1726577 2.4848308 3.2577551 
i3_Xp_xph_XppCFBP6546_13850   2.5778492 1.8869391 2.1615843 3.0445890 2.3421303 1.5411548 1.8856627 2.2226039 2.7223617 1.9279802 1.8723372 2.1388319 2.7237343 1.5411548 2.2000422 3.1007039 4.8381893 2.7796258 2.1287192 2.2652627 3.2897527 2.6584592 2.9451832 3.3150322 2.8686477 1.6545150 1.3962489 3.7851601 1.9807711 4.1321676 1.8181926 1.9547261 2.1546039 2.3414427 2.3080827 1.6268957 1.9257614 2.2472774 2.0891884 2.1118723 0.0233281 0.0000000 2.3805271 3.1774974 3.1774974 2.0172335 2.0172335 3.1690924 3.1790216 2.3397427 3.2082800 
i3_Ye_yet_CH48_3198           3.4799398 3.0604391 2.6359340 3.5921739 3.6032786 1.9124783 1.6028049 2.8194900 4.1501688 1.2954793 1.6056781 2.6718451 4.2624980 1.9124783 3.4742784 4.1882734 5.7501682 3.1156854 3.6834841 3.2240463 3.6660624 3.9957490 3.9127977 4.1432567 3.5265673 2.0805735 2.6372467 4.6039902 2.9332980 4.4727562 1.6339411 1.7164407 2.6629336 3.4817733 3.0859934 1.6203451 1.4137801 2.8931913 2.3696459 2.4854344 2.5565248 2.3805271 0.0000000 3.4314084 3.4314084 3.3606875 3.3606875 3.4346928 3.5125475 0.1511739 3.4480160 
i2_Yp2_ype_YPO0975            3.1731208 3.0138323 3.5117118 2.3728033 3.4229384 3.2011047 3.5216103 4.0468178 3.6330189 3.3091649 3.5216103 3.9166606 3.5587435 3.2011047 3.1881468 1.5695815 3.3440850 3.6862142 3.5531110 3.1441570 1.8690767 3.0350926 4.0197008 0.9473056 1.7275602 3.5585217 3.7419237 4.0962116 3.4280830 4.2558099 4.0745948 3.5376292 3.6569555 2.9751012 3.1761256 2.8434007 3.2380993 3.0076203 3.3713976 3.1115874 3.2271186 3.1774974 3.4314084 0.0000000 0.0000010 3.2692525 3.2692525 0.0090332 0.1465883 3.4328840 0.0227939 
i2_Yp3_ype_YPO1468            3.1731208 3.0138323 3.5117118 2.3728033 3.4229384 3.2011047 3.5216103 4.0468178 3.6330189 3.3091649 3.5216103 3.9166606 3.5587435 3.2011047 3.1881468 1.5695815 3.3440850 3.6862142 3.5531110 3.1441570 1.8690767 3.0350926 4.0197008 0.9473056 1.7275602 3.5585217 3.7419237 4.0962116 3.4280830 4.2558099 4.0745948 3.5376292 3.6569555 2.9751012 3.1761256 2.8434007 3.2380993 3.0076203 3.3713976 3.1115874 3.2271186 3.1774974 3.4314084 0.0000010 0.0000000 3.2692525 3.2692525 0.0090332 0.1465883 3.4328840 0.0227939 
i1_Yp6_ype_YPO3598            3.3152940 0.9628338 2.8013751 3.8472347 3.8155997 2.2024400 2.8455326 3.3160253 4.2064462 2.8627539 2.8143890 3.2085691 4.1759683 2.2024400 3.9181300 3.2087570 5.6383647 2.4421286 0.6989236 3.4024396 4.3189111 4.0698226 2.3534138 4.1287227 3.6524807 2.2259986 2.4055712 4.7726586 2.2088572 4.1821743 2.6534923 3.0469847 2.7644890 3.5093312 2.5727272 2.3043120 2.6495405 1.5412726 2.9718456 2.4046400 2.0348301 2.0172335 3.3606875 3.2692525 3.2692525 0.0000000 0.0000010 3.2851228 3.4141906 3.2718336 3.3445196 
i1_Yps1_ypi_YpsIP31758_0321   3.3152940 0.9628338 2.8013751 3.8472347 3.8155997 2.2024400 2.8455326 3.3160253 4.2064462 2.8627539 2.8143890 3.2085691 4.1759683 2.2024400 3.9181300 3.2087570 5.6383647 2.4421286 0.6989236 3.4024396 4.3189111 4.0698226 2.3534138 4.1287227 3.6524807 2.2259986 2.4055712 4.7726586 2.2088572 4.1821743 2.6534923 3.0469847 2.7644890 3.5093312 2.5727272 2.3043120 2.6495405 1.5412726 2.9718456 2.4046400 2.0348301 2.0172335 3.3606875 3.2692525 3.2692525 0.0000010 0.0000000 3.2851228 3.4141906 3.2718336 3.3445196 
i2_Yps2_ypi_YpsIP31758_0729   3.1681136 3.0736494 3.5466176 2.3893130 3.4167484 3.2461834 3.5585171 4.0465366 3.6447052 3.2837699 3.5585171 3.9164430 3.5703575 3.2461834 3.2338885 1.5725789 3.3714908 3.7332296 3.5668750 3.1660646 1.8819466 3.0409021 4.0755207 0.9505941 1.7304492 3.6063161 3.7396143 4.0031309 3.4993538 4.2503586 4.0632982 3.5013905 3.7038621 2.9820618 3.2269962 2.8260444 3.1994756 3.0065171 3.3656705 3.1795984 3.2186644 3.1690924 3.4346928 0.0090332 0.0090332 3.2851228 3.2851228 0.0000000 0.1409349 3.3856869 0.0135048 
i2_Yps3_ypi_YpsIP31758_0780   3.2493989 3.1332634 3.4149650 2.5139117 3.6191656 3.2952301 3.3160517 3.6889999 4.0423003 3.1396495 3.3160517 3.6741466 4.0527535 3.2952301 3.3919669 1.5378505 3.3435282 3.4468868 3.4651089 3.2300165 1.7814584 3.1637350 3.9784973 0.8763653 1.6272344 3.3735273 3.7371929 3.9548346 3.5428031 4.3727092 3.7922055 3.2560456 3.5909575 3.1916506 3.4283867 2.9462228 3.1857870 3.1820127 3.2551100 3.1486758 3.1726577 3.1790216 3.5125475 0.1465883 0.1465883 3.4141906 3.4141906 0.1409349 0.0000000 3.4127923 0.1575734 
i3_Yps4_ypi_YpsIP31758_1372   3.5485332 3.0717635 2.5290238 3.6495721 3.6073609 1.9270707 1.5806062 2.7305154 4.4302779 1.2623399 1.5975349 2.6480012 4.3586515 1.9270707 3.5431997 4.1567311 5.9240564 3.1479253 3.8218687 3.0156043 3.8834571 4.1723013 3.9087402 3.7802619 3.5505791 2.1128619 2.5039567 4.6188156 3.0606430 4.4582047 1.5836366 1.6630413 2.5627678 3.5363548 3.0512645 1.5703554 1.4247857 2.9070713 2.3844038 2.6659552 2.4848308 2.3397427 0.1511739 3.4328840 3.4328840 3.2718336 3.2718336 3.3856869 3.4127923 0.0000000 3.3986121 
i2_Yps5_ypi_YpsIP31758_2508   3.2069073 3.0857239 3.5152035 2.4871766 3.4394760 3.2589678 3.5847454 4.0498162 3.7296924 3.2964372 3.5847454 3.9195527 3.6545406 3.2589678 3.2551947 1.5877254 3.4183897 3.7456910 3.6071727 3.1823182 1.8989474 3.0751851 4.0533379 0.9670811 1.7447094 3.6451792 3.7550311 4.0157401 3.5412016 4.3088036 4.0937803 3.5260613 3.6666144 3.0192340 3.2406477 2.8367864 3.2161662 2.9705152 3.3507968 3.2110611 3.2577551 3.2082800 3.4480160 0.0227939 0.0227939 3.3445196 3.3445196 0.0135048 0.1575734 3.3986121 0.0000000 
