51
i4b_Ab_abaz_P795_10900        0.0000000 3.1525433 2.1558970 2.2694333 0.7669889 2.0387843 1.9402249 2.4742572 2.7311552 1.8059711 1.9402249 2.4337448 2.7200045 2.0387843 0.7759091 2.2321728 1.8746169 2.7952220 2.9864233 2.2445498 2.0913733 2.6572634 2.2216123 1.6719220 2.4797627 1.9743290 2.7734793 2.0974116 1.8037960 2.2700281 0.7307433 2.4444706 2.0113807 1.9183953 2.8360165 2.9594023 2.6492438 2.4401611 2.4539237 2.0784186 2.5104675 2.2574575 2.2574575 2.0442165 3.0418526 3.0418526 2.2574575 2.2402625 2.0442165 2.2574575 2.5104675 
i1_Ah_ahj_V469_13200          3.1525433 0.0000000 3.0053835 1.9855119 2.7636189 2.6014862 2.5686909 3.2236286 2.4116705 3.1584447 2.5686909 3.2036601 2.4494143 2.6780909 2.7908643 1.9422848 2.9401411 0.6862298 0.2125103 1.9183712 2.9455507 0.6286584 1.9234435 2.7877752 0.6714701 2.8860378 0.4992879 2.6110358 2.5814958 3.0556739 2.5393089 3.2148072 2.5400160 2.9234549 0.2651344 3.6888032 0.7976659 3.2755321 3.2319889 2.6115787 3.1760843 1.9165195 1.9165195 2.6877854 0.2000614 0.2000614 1.9165195 1.9296761 2.6877854 1.9165195 3.1760843 
i5_At_atf_Ach5_45120          2.1558970 3.0053835 0.0000000 2.3866177 2.1095718 2.2435858 1.9113164 2.4240856 3.0058472 1.9447130 1.9113164 2.4206294 2.9810845 2.2435858 2.0575189 2.4155446 1.7106741 3.0385867 2.9172081 2.4231068 1.9401463 2.9511776 2.3210297 2.1145309 2.6251610 1.5710196 3.1724008 1.8596108 1.8636457 0.0983562 2.3004252 2.3691816 2.4321589 1.9467609 2.9720753 1.4619165 2.5236487 1.9955923 1.9845262 1.8955589 2.4646143 2.4305840 2.4305840 1.9245782 3.2638804 3.2638804 2.4305840 2.4392407 1.9245782 2.4305840 2.4646143 
i2_Bc1_bceo_I35_4153          2.2694333 1.9855119 2.3866177 0.0000000 1.9206342 2.5748597 2.5067124 3.4948380 2.7559477 2.7939122 2.5067124 3.4592721 2.7499111 2.6499568 2.0778062 0.3648095 2.7003154 1.9829224 2.0234630 0.2767487 2.4917696 2.0004621 0.2925671 2.2168945 1.4890615 2.6987953 1.6943239 2.7841634 2.5678301 2.4351477 2.3578542 3.5474926 2.3634238 2.4815172 1.6913319 2.6655024 2.1003846 2.4650377 2.4564892 2.5810335 3.7523460 0.3205123 0.3205123 2.5938692 1.7989674 1.7989674 0.3205123 0.3287521 2.5938692 0.3205123 3.7523460 
i4b_Bc2_bceo_I35_0334         0.7669889 2.7636189 2.1095718 1.9206342 0.0000000 2.3505886 1.9751328 2.8587256 2.6633974 2.2108773 1.9751328 2.8074395 2.6510284 2.3505886 0.0913565 2.1394909 1.6006925 2.4351101 2.6879521 2.0072373 2.3773467 2.2994866 2.0396330 1.8109972 2.3988562 1.7439301 2.3290188 1.9935061 1.9639731 2.2341516 0.3652008 2.8470157 2.1668884 2.1787734 2.5450303 2.3407704 2.5061559 2.6365534 2.6051195 2.3213677 2.8833589 2.0706226 2.0706226 2.3418314 2.7818320 2.7818320 2.0706226 2.0516928 2.3418314 2.0706226 2.8833589 
i3_Bm1_bmal_DM55_3343         2.0387843 2.6014862 2.2435858 2.5748597 2.3505886 0.0000000 1.4032257 1.7582128 2.8533498 1.3604474 1.4032257 1.7302027 2.8500361 0.0000010 2.3355498 2.9317041 2.2374698 2.2384052 2.5509101 2.9674669 1.6936652 2.6128704 2.9910637 1.1690862 2.5507598 2.3150836 2.5369025 2.1238106 1.3344633 2.2541388 2.4474943 1.8103447 0.5971373 1.5869198 2.5806574 2.4931377 2.6992172 1.8049060 1.8470948 1.4843564 1.8860774 3.0257972 3.0257972 1.4461939 2.5695016 2.5695016 3.0257972 3.0065056 1.4461939 3.0257972 1.8860774 
i3_Bm2_bmal_DM55_3875         1.9402249 2.5686909 1.9113164 2.5067124 1.9751328 1.4032257 0.0000000 1.7671738 2.7006789 0.4849742 0.0000010 1.7402570 2.6933148 1.4305225 1.9355591 2.2931782 1.3740214 2.2696841 2.5308453 2.3784905 1.7106281 2.3748298 2.3482077 0.9975101 2.3600358 1.5718474 2.5669307 1.8615453 0.1776796 1.9054837 1.8677465 1.5402412 1.2074672 0.4409357 2.4757701 1.9272427 2.6544976 1.5253041 1.5443770 0.6870519 1.6268443 2.3196581 2.3196581 0.6508901 2.6036014 2.6036014 2.3196581 2.3007164 0.6508901 2.3196581 1.6268443 
i3_Bm4_bmal_DM55_4023         2.4742572 3.2236286 2.4240856 3.4948380 2.8587256 1.7582128 1.7671738 0.0000000 3.2128663 1.6225646 1.7671738 0.0063205 3.1893312 1.7478165 2.8248842 3.5507478 2.4584291 3.2671552 3.3532254 3.4908728 2.5957761 3.3427124 3.4522380 1.4250516 3.6128327 2.3153967 3.3311066 2.1953863 1.7301267 2.3653923 2.7573577 0.3038972 1.9024671 1.6828955 3.1134343 2.9857569 3.5819923 2.1952039 2.1874142 1.5891058 0.3517636 3.7467613 3.7467613 1.5732166 3.4143268 3.4143268 3.7467613 3.7639495 1.5732166 3.7467613 0.3517636 
i1_Bm5_bmal_DM55_4700         2.7311552 2.4116705 3.0058472 2.7559477 2.6633974 2.8533498 2.7006789 3.2128663 0.0000000 2.5252774 2.7006789 3.1644033 0.0065047 2.9432723 2.5495013 3.2450531 2.2485450 2.2021065 2.3322873 3.0236491 2.5490023 2.3274371 2.8971018 2.5510836 2.1347260 2.6123232 2.1775347 2.9610429 2.5783082 2.8504259 2.9926264 3.1788191 2.8879208 2.6756224 2.5052650 3.0286064 2.6497619 2.8127911 2.8285264 2.1900778 3.3159969 3.0808253 3.0808253 2.2834982 2.2698834 2.2698834 3.0808253 3.0835966 2.2834982 3.0808253 3.3159969 
i3_Bps1_bps_BPSS0099          1.8059711 3.1584447 1.9447130 2.7939122 2.2108773 1.3604474 0.4849742 1.6225646 2.5252774 0.0000000 0.4849742 1.6028141 2.5184208 1.3867796 2.1724277 2.3893734 1.4887518 2.8660305 3.1844051 2.5055659 1.9185678 2.8167578 2.3863712 1.0664669 2.8191511 1.5935699 3.0932370 2.0983521 0.4590174 2.0149133 2.0777951 1.4465282 1.1980281 0.5852172 3.0369800 2.1519275 3.1626516 1.5047876 1.4972563 0.6457110 1.4826768 2.3278229 2.3278229 0.6669963 3.3327048 3.3327048 2.3278229 2.3368591 0.6669963 2.3278229 1.4826768 
i3_Bps2_bps_BPSS0171          1.9402249 2.5686909 1.9113164 2.5067124 1.9751328 1.4032257 0.0000010 1.7671738 2.7006789 0.4849742 0.0000000 1.7402570 2.6933148 1.4305225 1.9355591 2.2931782 1.3740214 2.2696841 2.5308453 2.3784905 1.7106281 2.3748298 2.3482077 0.9975101 2.3600358 1.5718474 2.5669307 1.8615453 0.1776796 1.9054837 1.8677465 1.5402412 1.2074672 0.4409357 2.4757701 1.9272427 2.6544976 1.5253041 1.5443770 0.6870519 1.6268443 2.3196581 2.3196581 0.6508901 2.6036014 2.6036014 2.3196581 2.3007164 0.6508901 2.3196581 1.6268443 
i3_Bps3_bps_BPSS0518          2.4337448 3.2036601 2.4206294 3.4592721 2.8074395 1.7302027 1.7402570 0.0063205 3.1644033 1.6028141 1.7402570 0.0000000 3.1410537 1.7198765 2.7768019 3.5123089 2.4546826 3.2466572 3.3322430 3.4534952 2.5813978 3.3218976 3.4152820 1.4030783 3.5892009 2.3123642 3.3085260 2.1655292 1.7028774 2.3621528 2.7119105 0.2955508 1.8731784 1.6621038 3.0946787 2.9794019 3.5589762 2.1662664 2.1585061 1.5887000 0.3429122 3.7055501 3.7055501 1.5728507 3.3928798 3.3928798 3.7055501 3.7227465 1.5728507 3.7055501 0.3429122 
i1_Bps4_bps_BPSS1498          2.7200045 2.4494143 2.9810845 2.7499111 2.6510284 2.8500361 2.6933148 3.1893312 0.0065047 2.5184208 2.6933148 3.1410537 0.0000000 2.9397742 2.5383811 3.2375293 2.2295226 2.1973878 2.3688403 3.0167976 2.5981646 2.3118929 2.8905629 2.5309595 2.0955677 2.5907409 2.2126261 2.9370487 2.5714960 2.8264847 2.9849721 3.1549669 2.8845964 2.6684216 2.4996972 3.0189178 2.5984159 2.8032010 2.8188772 2.1845214 3.2911688 3.0737522 3.0737522 2.2776327 2.3052730 2.3052730 3.0737522 3.0765089 2.2776327 3.0737522 3.2911688 
i3_Bps5_bps_BPSS2098          2.0387843 2.6780909 2.2435858 2.6499568 2.3505886 0.0000010 1.4305225 1.7478165 2.9432723 1.3867796 1.4305225 1.7198765 2.9397742 0.0000000 2.3355498 3.0188125 2.2374698 2.3008155 2.6243667 3.0558331 1.7300841 2.6883775 3.0791859 1.1903671 2.6244111 2.3150836 2.6107804 2.1238106 1.3598653 2.2541388 2.4474943 1.7999589 0.6053249 1.6187041 2.6562457 2.5619457 2.7803377 1.8436567 1.8869655 1.5135946 1.8755554 3.1178333 3.1178333 1.4746064 2.6436184 2.6436184 3.1178333 3.0985655 1.4746064 3.1178333 1.8755554 
i4b_Bps6_bps_BPSL3105         0.7759091 2.7908643 2.0575189 2.0778062 0.0913565 2.3355498 1.9355591 2.8248842 2.5495013 2.1724277 1.9355591 2.7768019 2.5383811 2.3355498 0.0000000 2.2859533 1.5554129 2.5359010 2.8066733 2.1263640 2.2800128 2.3809037 2.1573706 1.7394717 2.4568676 1.6454140 2.4172818 2.0244385 1.9547402 2.1733897 0.3420126 2.8134533 2.0772925 2.1816180 2.5141332 2.2793236 2.5137454 2.4159159 2.3899151 2.2350382 2.8161533 2.1613484 2.1613484 2.2447942 2.7445122 2.7445122 2.1613484 2.1438191 2.2447942 2.1613484 2.8161533 
i2_Cf1_cfd_CFNIH1_02175       2.2321728 1.9422848 2.4155446 0.3648095 2.1394909 2.9317041 2.2931782 3.5507478 3.2450531 2.3893734 2.2931782 3.5123089 3.2375293 3.0188125 2.2859533 0.0000000 2.6561144 2.0693168 1.9911355 0.0992391 2.8582832 2.0302024 0.0927874 2.1210760 1.7205165 2.5819913 1.8190909 2.8108530 2.1176011 2.4552139 2.3831514 3.5749971 2.6208741 2.2795238 1.8000591 2.8940131 2.1381113 2.8286077 2.8211201 2.3444517 3.5983732 0.1521311 0.1521311 2.3843093 2.0015639 2.0015639 0.1521311 0.1592576 2.3843093 0.1521311 3.5983732 
i4a_Cf2_cfd_CFNIH1_08895      1.8746169 2.9401411 1.7106741 2.7003154 1.6006925 2.2374698 1.3740214 2.4584291 2.2485450 1.4887518 1.3740214 2.4546826 2.2295226 2.2374698 1.5554129 2.6561144 0.0000000 2.4530103 2.9300018 2.8270537 1.7969006 2.6804735 2.6993260 1.4402499 2.9311810 0.4422321 3.0034466 1.0473319 1.3880449 1.6508389 1.5966054 2.2362327 1.8501774 1.3652015 2.7147182 2.1491879 3.4612880 1.8288228 1.8511104 1.5583303 2.2652799 2.5655522 2.5655522 1.5889648 2.9120300 2.9120300 2.5655522 2.5831353 1.5889648 2.5655522 2.2652799 
i1_Cj_cjl_PJ17_05090          2.7952220 0.6862298 3.0385867 1.9829224 2.4351101 2.2384052 2.2696841 3.2671552 2.2021065 2.8660305 2.2696841 3.2466572 2.1973878 2.3008155 2.5359010 2.0693168 2.4530103 0.0000000 0.7006831 1.9458229 2.5755419 0.2446808 1.9592264 2.4352088 0.8190968 2.6208830 0.6835496 2.3554088 2.2404996 2.8809364 2.4215737 3.3358544 2.1683346 2.7398361 0.6325055 2.8008795 1.1824742 2.8569500 2.8207741 2.1706861 3.3107147 1.9350054 1.9350054 2.2162180 0.6155319 0.6155319 1.9350054 1.9206476 2.2162180 1.9350054 3.3107147 
i1_EAEC1_eck_EC55989_0235     2.9864233 0.2125103 2.9172081 2.0234630 2.6879521 2.5509101 2.5308453 3.3532254 2.3322873 3.1844051 2.5308453 3.3322430 2.3688403 2.6243667 2.8066733 1.9911355 2.9300018 0.7006831 0.0000000 1.9728121 3.0219376 0.6379196 1.9010026 2.8104858 0.6763306 2.9412822 0.5323996 2.6645591 2.4743251 2.8528743 2.7186179 3.3930100 2.6090717 2.8754950 0.3547102 3.5402861 0.8310275 3.1567841 3.1165456 2.4566495 3.2607109 1.8424296 1.8424296 2.5074843 0.2429126 0.2429126 1.8424296 1.8554008 2.5074843 1.8424296 3.2607109 
i2_EAEC3_eck_EC55989_3335     2.2445498 1.9183712 2.4231068 0.2767487 2.0072373 2.9674669 2.3784905 3.4908728 3.0236491 2.5055659 2.3784905 3.4534952 3.0167976 3.0558331 2.1263640 0.0992391 2.8270537 1.9458229 1.9728121 0.0000000 2.6416434 1.9064610 0.0441806 2.2538535 1.6491843 2.7542498 1.6981047 2.9189288 2.1925206 2.4607751 2.3253915 3.7066073 2.6307307 2.4580873 1.6524201 2.7167574 2.1742918 2.7503221 2.7432484 2.2593218 3.7496009 0.1362952 0.1362952 2.2978539 1.8499809 1.8499809 0.1362952 0.1433026 2.2978539 0.1362952 3.7496009 
i4b_Et_etr_ETAE_2431          2.0913733 2.9455507 1.9401463 2.4917696 2.3773467 1.6936652 1.7106281 2.5957761 2.5490023 1.9185678 1.7106281 2.5813978 2.5981646 1.7300841 2.2800128 2.8582832 1.7969006 2.5755419 3.0219376 2.6416434 0.0000000 2.9289464 2.6809496 1.6463568 2.6044228 2.0695433 2.8493843 2.5397482 1.6215243 2.0672993 2.2035528 2.4521840 1.8300902 1.4481694 2.4720530 2.2469082 2.8511419 1.8357253 1.8306506 1.6206856 2.3593161 2.7583549 2.7583549 1.6685645 2.6969867 2.6969867 2.7583549 2.7387856 1.6685645 2.7583549 2.3593161 
i1_Hh_hhe_HH_0243             2.6572634 0.6286584 2.9511776 2.0004621 2.2994866 2.6128704 2.3748298 3.3427124 2.3274371 2.8167578 2.3748298 3.3218976 2.3118929 2.6883775 2.3809037 2.0302024 2.6804735 0.2446808 0.6379196 1.9064610 2.9289464 0.0000000 1.9129359 2.6487394 0.7198747 2.8291045 0.6283020 2.3596876 2.3170305 2.7560866 2.1590302 3.5123219 2.4024576 3.0503297 0.5579420 3.1304171 1.1135368 2.8253702 2.7907882 2.1190396 3.4853190 1.9396234 1.9396234 2.1292553 0.5602970 0.5602970 1.9396234 1.9531769 2.1292553 1.9396234 3.4853190 
i2_Kp1_kpu_KP1_2398           2.2216123 1.9234435 2.3210297 0.2925671 2.0396330 2.9910637 2.3482077 3.4522380 2.8971018 2.3863712 2.3482077 3.4152820 2.8905629 3.0791859 2.1573706 0.0927874 2.6993260 1.9592264 1.9010026 0.0441806 2.6809496 1.9129359 0.0000000 2.2462836 1.6167011 2.5800263 1.6615638 2.8331440 2.1668508 2.3216361 2.3586462 3.6657928 2.6039044 2.3828468 1.6729803 2.7861711 2.1579756 2.6755051 2.6689265 2.1771401 3.7829365 0.1068935 0.1068935 2.2203560 1.8542734 1.8542734 0.1068935 0.1137259 2.2203560 0.1068935 3.7829365 
i3_Pa1_paei_N296_91           1.6719220 2.7877752 2.1145309 2.2168945 1.8109972 1.1690862 0.9975101 1.4250516 2.5510836 1.0664669 0.9975101 1.4030783 2.5309595 1.1903671 1.7394717 2.1210760 1.4402499 2.4352088 2.8104858 2.2538535 1.6463568 2.6487394 2.2462836 0.0000000 2.5680991 1.5389615 2.7184390 1.5352215 0.9746242 2.1260567 1.6899143 1.3680341 0.9733577 1.1006532 2.5279637 1.8016919 2.6900838 0.9670917 0.9819473 1.1111700 1.3574396 2.2068524 2.2068524 1.1195204 2.6908082 2.6908082 2.2068524 2.1877936 1.1195204 2.2068524 1.3574396 
i1_Pa2_paei_N296_1554         2.4797627 0.6714701 2.6251610 1.4890615 2.3988562 2.5507598 2.3600358 3.6128327 2.1347260 2.8191511 2.3600358 3.5892009 2.0955677 2.6244111 2.4568676 1.7205165 2.9311810 0.8190968 0.6763306 1.6491843 2.6044228 0.7198747 1.6167011 2.5680991 0.0000000 2.9037612 0.7000512 2.4591902 2.3477754 2.4608471 2.4697942 3.8310195 2.2115903 2.9356775 0.6727015 3.1554799 0.7253534 2.7534740 2.7111465 2.3212168 3.8272442 1.6141775 1.6141775 2.2513683 0.6645474 0.6645474 1.6141775 1.6267761 2.2513683 1.6141775 3.8272442 
i4b_Pa3_paei_N296_2441        1.9743290 2.8860378 1.5710196 2.6987953 1.7439301 2.3150836 1.5718474 2.3153967 2.6123232 1.5935699 1.5718474 2.3123642 2.5907409 2.3150836 1.6454140 2.5819913 0.4422321 2.6208830 2.9412822 2.7542498 2.0695433 2.8291045 2.5800263 1.5389615 2.9037612 0.0000000 3.2210863 0.9916045 1.6235785 1.6831098 1.8061900 2.2173272 1.9792013 1.5117431 2.8860662 2.1961066 3.1677533 1.8861957 1.9000999 1.6272098 2.1824179 2.4690916 2.4690916 1.6770932 3.0905187 3.0905187 2.4690916 2.4865442 1.6770932 2.4690916 2.1824179 
i1_Pf_pfn_HZ99_05065          2.7734793 0.4992879 3.1724008 1.6943239 2.3290188 2.5369025 2.5669307 3.3311066 2.1775347 3.0932370 2.5669307 3.3085260 2.2126261 2.6107804 2.4172818 1.8190909 3.0034466 0.6835496 0.5323996 1.6981047 2.8493843 0.6283020 1.6615638 2.7184390 0.7000512 3.2210863 0.0000000 2.6105823 2.5061524 3.0038645 2.3199992 3.5352033 2.6947843 3.1607225 0.5256058 3.3113382 0.8753366 3.0463917 3.0192336 2.7006385 3.4877558 1.6793882 1.6793882 2.6840265 0.4346337 0.4346337 1.6793882 1.6656264 2.6840265 1.6793882 3.4877558 
i4a_Pp1_bph_Bphy_5980         2.0974116 2.6110358 1.8596108 2.7841634 1.9935061 2.1238106 1.8615453 2.1953863 2.9610429 2.0983521 1.8615453 2.1655292 2.9370487 2.1238106 2.0244385 2.8108530 1.0473319 2.3554088 2.6645591 2.9189288 2.5397482 2.3596876 2.8331440 1.5352215 2.4591902 0.9916045 2.6105823 0.0000000 1.9708485 1.9970920 1.9575939 2.1599654 2.0500343 1.8999232 2.3030618 2.2103548 2.8380436 2.1041237 2.1328356 2.0528009 2.3003263 2.7519347 2.7519347 2.0337021 2.6672335 2.6672335 2.7519347 2.7700351 2.0337021 2.7519347 2.3003263 
i3_Pp2_bph_Bphy_6112          1.8037960 2.5814958 1.8636457 2.5678301 1.9639731 1.3344633 0.1776796 1.7301267 2.5783082 0.4590174 0.1776796 1.7028774 2.5714960 1.3598653 1.9547402 2.1176011 1.3880449 2.2404996 2.4743251 2.1925206 1.6215243 2.3170305 2.1668508 0.9746242 2.3477754 1.6235785 2.5061524 1.9708485 0.0000000 1.8579966 1.9469695 1.6071952 1.1358660 0.4347309 2.7140745 2.0592075 2.7185986 1.4885167 1.5070677 0.6385013 1.6345099 2.2742510 2.2742510 0.6374845 2.6143564 2.6143564 2.2742510 2.2553895 0.6374845 2.2742510 1.6345099 
i5_Rl_rlb_RLEG3_07690         2.2700281 3.0556739 0.0983562 2.4351477 2.2341516 2.2541388 1.9054837 2.3653923 2.8504259 2.0149133 1.9054837 2.3621528 2.8264847 2.2541388 2.1733897 2.4552139 1.6508389 2.8809364 2.8528743 2.4607751 2.0672993 2.7560866 2.3216361 2.1260567 2.4608471 1.6831098 3.0038645 1.9970920 1.8579966 0.0000000 2.3959099 2.4183903 2.2876115 1.9295701 2.8829701 1.4524859 2.4329261 1.9578347 1.9766900 1.9363515 2.5059939 2.4467907 2.4467907 1.9733437 3.0999382 3.0999382 2.4467907 2.4553533 1.9733437 2.4467907 2.5059939 
i4b_Rs_rso_RSp0745            0.7307433 2.5393089 2.3004252 2.3578542 0.3652008 2.4474943 1.8677465 2.7573577 2.9926264 2.0777951 1.8677465 2.7119105 2.9849721 2.4474943 0.3420126 2.3831514 1.5966054 2.4215737 2.7186179 2.3253915 2.2035528 2.1590302 2.3586462 1.6899143 2.4697942 1.8061900 2.3199992 1.9575939 1.9469695 2.3959099 0.0000000 2.7655036 2.0277139 2.1056215 2.3084985 2.6338348 2.3745978 2.5652809 2.5373331 2.0889670 2.6291809 2.4717529 2.4717529 2.0762723 2.6407426 2.6407426 2.4717529 2.4538646 2.0762723 2.4717529 2.6291809 
i3_Sm1_serf_L085_12855        2.4444706 3.2148072 2.3691816 3.5474926 2.8470157 1.8103447 1.5402412 0.3038972 3.1788191 1.4465282 1.5402412 0.2955508 3.1549669 1.7999589 2.8134533 3.5749971 2.2362327 3.3358544 3.3930100 3.7066073 2.4521840 3.5123219 3.6657928 1.3680341 3.8310195 2.2173272 3.5352033 2.1599654 1.6071952 2.4183903 2.7655036 0.0000000 1.8819815 1.5284424 3.2668753 3.2211412 3.2481216 2.2449148 2.2371300 1.6282923 0.1361303 3.7172628 3.7172628 1.6118344 3.4973286 3.4973286 3.7172628 3.7343896 1.6118344 3.7172628 0.1361303 
i3_Sm2_serf_L085_13770        2.0113807 2.5400160 2.4321589 2.3634238 2.1668884 0.5971373 1.2074672 1.9024671 2.8879208 1.1980281 1.2074672 1.8731784 2.8845964 0.6053249 2.0772925 2.6208741 1.8501774 2.1683346 2.6090717 2.6307307 1.8300902 2.4024576 2.6039044 0.9733577 2.2115903 1.9792013 2.6947843 2.0500343 1.1358660 2.2876115 2.0277139 1.8819815 0.0000000 1.3302486 2.2352220 2.5520354 2.5746068 1.6518372 1.6909697 1.3870931 1.8605105 2.5973884 2.5973884 1.4182740 2.5181008 2.5181008 2.5973884 2.5776656 1.4182740 2.5973884 1.8605105 
i3_Stm_setc_CFSAN001921_16010 1.9183953 2.9234549 1.9467609 2.4815172 2.1787734 1.5869198 0.4409357 1.6828955 2.6756224 0.5852172 0.4409357 1.6621038 2.6684216 1.6187041 2.1816180 2.2795238 1.3652015 2.7398361 2.8754950 2.4580873 1.4481694 3.0503297 2.3828468 1.1006532 2.9356775 1.5117431 3.1607225 1.8999232 0.4347309 1.9295701 2.1056215 1.5284424 1.3302486 0.0000000 3.1433111 2.1204847 2.8757140 1.8115595 1.8326896 0.7194303 1.5956630 2.4851821 2.4851821 0.7283202 3.0423509 3.0423509 2.4851821 2.4665056 0.7283202 2.4851821 1.5956630 
i1_Vc_vcm_VCM66_A0016         2.8360165 0.2651344 2.9720753 1.6913319 2.5450303 2.5806574 2.4757701 3.1134343 2.5052650 3.0369800 2.4757701 3.0946787 2.4996972 2.6562457 2.5141332 1.8000591 2.7147182 0.6325055 0.3547102 1.6524201 2.4720530 0.5579420 1.6729803 2.5279637 0.6727015 2.8860662 0.5256058 2.3030618 2.7140745 2.8829701 2.3084985 3.2668753 2.2352220 3.1433111 0.0000000 3.1942368 0.7878828 3.0301959 2.9914850 2.4445673 3.1676321 1.5745778 1.5745778 2.4654935 0.2738907 0.2738907 1.5745778 1.5871542 2.4654935 1.5745778 3.1676321 
i5_Vp1_vpa_VPA1027            2.9594023 3.6888032 1.4619165 2.6655024 2.3407704 2.4931377 1.9272427 2.9857569 3.0286064 2.1519275 1.9272427 2.9794019 3.0189178 2.5619457 2.2793236 2.8940131 2.1491879 2.8008795 3.5402861 2.7167574 2.2469082 3.1304171 2.7861711 1.8016919 3.1554799 2.1961066 3.3113382 2.2103548 2.0592075 1.4524859 2.6338348 3.2211412 2.5520354 2.1204847 3.1942368 0.0000000 2.6348571 2.1011134 2.1121697 2.0123542 3.2105972 2.7645820 2.7645820 2.0905613 3.6035064 3.6035064 2.7645820 2.7747013 2.0905613 2.7645820 3.2105972 
i1_Vp2_vpa_VP1393             2.6492438 0.7976659 2.5236487 2.1003846 2.5061559 2.6992172 2.6544976 3.5819923 2.6497619 3.1626516 2.6544976 3.5589762 2.5984159 2.7803377 2.5137454 2.1381113 3.4612880 1.1824742 0.8310275 2.1742918 2.8511419 1.1135368 2.1579756 2.6900838 0.7253534 3.1677533 0.8753366 2.8380436 2.7185986 2.4329261 2.3745978 3.2481216 2.5746068 2.8757140 0.7878828 2.6348571 0.0000000 3.1242213 3.1118835 2.8303709 3.4186877 2.0591586 2.0591586 2.9426105 0.7893210 0.7893210 2.0591586 2.0728533 2.9426105 2.0591586 3.4186877 
i3_Xc_xac_XAC4145             2.4401611 3.2755321 1.9955923 2.4650377 2.6365534 1.8049060 1.5253041 2.1952039 2.8127911 1.5047876 1.5253041 2.1662664 2.8032010 1.8436567 2.4159159 2.8286077 1.8288228 2.8569500 3.1567841 2.7503221 1.8357253 2.8253702 2.6755051 0.9670917 2.7534740 1.8861957 3.0463917 2.1041237 1.4885167 1.9578347 2.5652809 2.2449148 1.6518372 1.8115595 3.0301959 2.1011134 3.1242213 0.0000000 0.0254443 1.5556713 2.3047072 2.6261620 2.6261620 1.5656651 3.1445579 3.1445579 2.6261620 2.6329849 1.5656651 2.6261620 2.3047072 
i3_Xp_xph_XppCFBP6546_13685   2.4539237 3.2319889 1.9845262 2.4564892 2.6051195 1.8470948 1.5443770 2.1874142 2.8285264 1.4972563 1.5443770 2.1585061 2.8188772 1.8869655 2.3899151 2.8211201 1.8511104 2.8207741 3.1165456 2.7432484 1.8306506 2.7907882 2.6689265 0.9819473 2.7111465 1.9000999 3.0192336 2.1328356 1.5070677 1.9766900 2.5373331 2.2371300 1.6909697 1.8326896 2.9914850 2.1121697 3.1118835 0.0254443 0.0000000 1.5749086 2.2969205 2.6197960 2.6197960 1.5850226 3.1029165 3.1029165 2.6197960 2.6265789 1.5850226 2.6197960 2.2969205 
i3_Ye_yet_CH48_3195           2.0784186 2.6115787 1.8955589 2.5810335 2.3213677 1.4843564 0.6870519 1.5891058 2.1900778 0.6457110 0.6870519 1.5887000 2.1845214 1.5135946 2.2350382 2.3444517 1.5583303 2.1706861 2.4566495 2.2593218 1.6206856 2.1190396 2.1771401 1.1111700 2.3212168 1.6272098 2.7006385 2.0528009 0.6385013 1.9363515 2.0889670 1.6282923 1.3870931 0.7194303 2.4445673 2.0123542 2.8303709 1.5556713 1.5749086 0.0000000 1.6205025 2.3391507 2.3391507 0.0490938 2.5442452 2.5442452 2.3391507 2.3470305 0.0490938 2.3391507 1.6205025 
i3_Yp1_ype_YPO0502            2.5104675 3.1760843 2.4646143 3.7523460 2.8833589 1.8860774 1.6268443 0.3517636 3.3159969 1.4826768 1.6268443 0.3429122 3.2911688 1.8755554 2.8161533 3.5983732 2.2652799 3.3107147 3.2607109 3.7496009 2.3593161 3.4853190 3.7829365 1.3574396 3.8272442 2.1824179 3.4877558 2.3003263 1.6345099 2.5059939 2.6291809 0.1361303 1.8605105 1.5956630 3.1676321 3.2105972 3.4186877 2.3047072 2.2969205 1.6205025 0.0000000 3.9546181 3.9546181 1.6115089 3.4503878 3.4503878 3.9546181 3.9711966 1.6115089 3.9546181 0.0000010 
i2_Yp2_ype_YPO0973            2.2574575 1.9165195 2.4305840 0.3205123 2.0706226 3.0257972 2.3196581 3.7467613 3.0808253 2.3278229 2.3196581 3.7055501 3.0737522 3.1178333 2.1613484 0.1521311 2.5655522 1.9350054 1.8424296 0.1362952 2.7583549 1.9396234 0.1068935 2.2068524 1.6141775 2.4690916 1.6793882 2.7519347 2.2742510 2.4467907 2.4717529 3.7172628 2.5973884 2.4851821 1.5745778 2.7645820 2.0591586 2.6261620 2.6197960 2.3391507 3.9546181 0.0000000 0.0000010 2.3402759 1.7756935 1.7756935 0.0000010 0.0061351 2.3402759 0.0000010 3.9546181 
i2_Yp3_ype_YPO1470            2.2574575 1.9165195 2.4305840 0.3205123 2.0706226 3.0257972 2.3196581 3.7467613 3.0808253 2.3278229 2.3196581 3.7055501 3.0737522 3.1178333 2.1613484 0.1521311 2.5655522 1.9350054 1.8424296 0.1362952 2.7583549 1.9396234 0.1068935 2.2068524 1.6141775 2.4690916 1.6793882 2.7519347 2.2742510 2.4467907 2.4717529 3.7172628 2.5973884 2.4851821 1.5745778 2.7645820 2.0591586 2.6261620 2.6197960 2.3391507 3.9546181 0.0000010 0.0000000 2.3402759 1.7756935 1.7756935 0.0000010 0.0061351 2.3402759 0.0000010 3.9546181 
i3_Yp5_ype_YPO2937            2.0442165 2.6877854 1.9245782 2.5938692 2.3418314 1.4461939 0.6508901 1.5732166 2.2834982 0.6669963 0.6508901 1.5728507 2.2776327 1.4746064 2.2447942 2.3843093 1.5889648 2.2162180 2.5074843 2.2978539 1.6685645 2.1292553 2.2203560 1.1195204 2.2513683 1.6770932 2.6840265 2.0337021 0.6374845 1.9733437 2.0762723 1.6118344 1.4182740 0.7283202 2.4654935 2.0905613 2.9426105 1.5656651 1.5850226 0.0490938 1.6115089 2.3402759 2.3402759 0.0000000 2.5821836 2.5821836 2.3402759 2.3481704 0.0000010 2.3402759 1.6115089 
i1_Yp6_ype_YPO3708            3.0418526 0.2000614 3.2638804 1.7989674 2.7818320 2.5695016 2.6036014 3.4143268 2.2698834 3.3327048 2.6036014 3.3928798 2.3052730 2.6436184 2.7445122 2.0015639 2.9120300 0.6155319 0.2429126 1.8499809 2.6969867 0.5602970 1.8542734 2.6908082 0.6645474 3.0905187 0.4346337 2.6672335 2.6143564 3.0999382 2.6407426 3.4973286 2.5181008 3.0423509 0.2738907 3.6035064 0.7893210 3.1445579 3.1029165 2.5442452 3.4503878 1.7756935 1.7756935 2.5821836 0.0000000 0.0000010 1.7756935 1.7887590 2.5821836 1.7756935 3.4503878 
i1_Yps1_ypi_YpsIP31758_0312   3.0418526 0.2000614 3.2638804 1.7989674 2.7818320 2.5695016 2.6036014 3.4143268 2.2698834 3.3327048 2.6036014 3.3928798 2.3052730 2.6436184 2.7445122 2.0015639 2.9120300 0.6155319 0.2429126 1.8499809 2.6969867 0.5602970 1.8542734 2.6908082 0.6645474 3.0905187 0.4346337 2.6672335 2.6143564 3.0999382 2.6407426 3.4973286 2.5181008 3.0423509 0.2738907 3.6035064 0.7893210 3.1445579 3.1029165 2.5442452 3.4503878 1.7756935 1.7756935 2.5821836 0.0000010 0.0000000 1.7756935 1.7887590 2.5821836 1.7756935 3.4503878 
i2_Yps2_ypi_YpsIP31758_0731   2.2574575 1.9165195 2.4305840 0.3205123 2.0706226 3.0257972 2.3196581 3.7467613 3.0808253 2.3278229 2.3196581 3.7055501 3.0737522 3.1178333 2.1613484 0.1521311 2.5655522 1.9350054 1.8424296 0.1362952 2.7583549 1.9396234 0.1068935 2.2068524 1.6141775 2.4690916 1.6793882 2.7519347 2.2742510 2.4467907 2.4717529 3.7172628 2.5973884 2.4851821 1.5745778 2.7645820 2.0591586 2.6261620 2.6197960 2.3391507 3.9546181 0.0000010 0.0000010 2.3402759 1.7756935 1.7756935 0.0000000 0.0061351 2.3402759 0.0000010 3.9546181 
i2_Yps3_ypi_YpsIP31758_0782   2.2402625 1.9296761 2.4392407 0.3287521 2.0516928 3.0065056 2.3007164 3.7639495 3.0835966 2.3368591 2.3007164 3.7227465 3.0765089 3.0985655 2.1438191 0.1592576 2.5831353 1.9206476 1.8554008 0.1433026 2.7387856 1.9531769 0.1137259 2.1877936 1.6267761 2.4865442 1.6656264 2.7700351 2.2553895 2.4553533 2.4538646 3.7343896 2.5776656 2.4665056 1.5871542 2.7747013 2.0728533 2.6329849 2.6265789 2.3470305 3.9711966 0.0061351 0.0061351 2.3481704 1.7887590 1.7887590 0.0061351 0.0000000 2.3481704 0.0061351 3.9711966 
i3_Yps4_ypi_YpsIP31758_1369   2.0442165 2.6877854 1.9245782 2.5938692 2.3418314 1.4461939 0.6508901 1.5732166 2.2834982 0.6669963 0.6508901 1.5728507 2.2776327 1.4746064 2.2447942 2.3843093 1.5889648 2.2162180 2.5074843 2.2978539 1.6685645 2.1292553 2.2203560 1.1195204 2.2513683 1.6770932 2.6840265 2.0337021 0.6374845 1.9733437 2.0762723 1.6118344 1.4182740 0.7283202 2.4654935 2.0905613 2.9426105 1.5656651 1.5850226 0.0490938 1.6115089 2.3402759 2.3402759 0.0000010 2.5821836 2.5821836 2.3402759 2.3481704 0.0000000 2.3402759 1.6115089 
i2_Yps5_ypi_YpsIP31758_2506   2.2574575 1.9165195 2.4305840 0.3205123 2.0706226 3.0257972 2.3196581 3.7467613 3.0808253 2.3278229 2.3196581 3.7055501 3.0737522 3.1178333 2.1613484 0.1521311 2.5655522 1.9350054 1.8424296 0.1362952 2.7583549 1.9396234 0.1068935 2.2068524 1.6141775 2.4690916 1.6793882 2.7519347 2.2742510 2.4467907 2.4717529 3.7172628 2.5973884 2.4851821 1.5745778 2.7645820 2.0591586 2.6261620 2.6197960 2.3391507 3.9546181 0.0000010 0.0000010 2.3402759 1.7756935 1.7756935 0.0000010 0.0061351 2.3402759 0.0000000 3.9546181 
i3_Yps6_ypi_YpsIP31758_3434   2.5104675 3.1760843 2.4646143 3.7523460 2.8833589 1.8860774 1.6268443 0.3517636 3.3159969 1.4826768 1.6268443 0.3429122 3.2911688 1.8755554 2.8161533 3.5983732 2.2652799 3.3107147 3.2607109 3.7496009 2.3593161 3.4853190 3.7829365 1.3574396 3.8272442 2.1824179 3.4877558 2.3003263 1.6345099 2.5059939 2.6291809 0.1361303 1.8605105 1.5956630 3.1676321 3.2105972 3.4186877 2.3047072 2.2969205 1.6205025 0.0000010 3.9546181 3.9546181 1.6115089 3.4503878 3.4503878 3.9546181 3.9711966 1.6115089 3.9546181 0.0000000 
