52
i2_Yps5_ypi_YpsIP31758_2511   0.0000000 2.4238377 2.0700924 1.6432796 1.7293699 0.4761095 2.3769744 2.1736096 2.1841208 2.3554624 1.8921369 2.1692739 2.2385906 2.3554624 1.8847403 2.1330250 2.4806734 0.3894252 2.2460822 1.7684029 1.6916540 2.1370145 0.3980959 1.8898624 1.8096077 0.3362676 2.3810473 1.6802441 2.0956461 1.6031167 1.9767408 2.2267705 1.7190261 2.2877480 2.3053504 2.6787651 2.1495364 1.6280735 1.9696997 1.6423829 1.9169826 1.8914792 2.2209493 2.4238377 0.0000010 0.0248124 2.2384517 1.5391133 1.5391133 0.0000010 0.0510864 2.2384517 
i3_Yps6_ypi_YpsIP31758_3436   2.4238377 0.0000000 1.7567336 2.5081226 1.9457100 2.4450439 1.7601890 0.9861620 0.7586059 0.9431373 2.7888380 0.8032867 0.7419110 0.9431373 2.7780333 0.9610857 1.8376459 2.5516886 1.8707873 2.1467052 2.3671940 2.1741260 2.4807329 1.6779076 2.4906016 2.5893756 0.7687683 3.1201204 1.7667405 2.7872005 1.6625443 0.7933166 2.0109958 1.6061439 0.3210767 0.9709381 0.8393173 2.3108038 1.9335528 2.5533732 0.9184945 0.8998653 0.7682292 0.0000010 2.4238377 2.3900743 0.7430103 2.5672834 2.5672834 2.4238377 2.4136914 0.7430103 
i4b_Ab_abaz_P795_10910        2.0700924 1.7567336 0.0000000 2.4700793 1.3211819 1.9571350 0.5737028 1.5840400 1.4750137 1.7780477 2.1454373 1.4669966 1.4845226 1.7780477 2.1875060 1.5572930 0.6277045 2.3404671 1.2050077 2.2660511 2.4311413 1.0472580 2.2137878 1.0497563 2.1616259 2.2360915 1.5806429 2.1149708 1.0335075 2.4251927 1.2539882 1.4809880 1.3225166 0.5546450 1.7363573 1.4211432 1.4174038 1.8709286 1.0429400 1.6962179 1.4903352 1.4962925 1.4957661 1.7567336 2.0700924 2.1136619 1.4992848 2.2601421 2.2601421 2.0700924 2.0382100 1.4992848 
i1_Ah_ahj_V469_13170          1.6432796 2.5081226 2.4700793 0.0000000 2.4251909 1.7003340 2.1080134 2.5725091 2.4985859 2.6884188 1.1432085 2.4370219 2.5169640 2.6884188 1.1382767 2.5200666 2.1206494 1.9248813 2.8937928 1.0183371 0.6760928 2.4536588 2.0154037 2.0612505 1.0803773 1.7586645 2.7705780 1.0263783 2.9445162 0.8744948 2.4806933 2.6792817 2.3526529 2.1368952 2.3561350 2.9858235 2.3855363 0.5865111 2.4164483 0.9263972 2.5613597 2.5869791 2.6305915 2.5081226 1.6432796 1.6715140 2.7301472 0.5247856 0.5247856 1.6432796 1.6877716 2.7301472 
i5_At_atf_Ach5_45090          1.7293699 1.9457100 1.3211819 2.4251909 0.0000000 1.8501677 1.4328332 1.5187694 1.6620748 1.8169166 2.0027581 1.5092592 1.6564764 1.8169166 1.9874860 1.4925613 1.3966955 1.9600318 1.3046985 2.3159515 2.3300849 1.4545009 1.9199554 1.4572415 1.9135824 2.0453054 1.7220036 2.2470317 1.3847796 2.0774422 1.2625191 1.6525343 0.2118884 1.3794425 1.7401837 1.6644376 1.6748179 2.2276049 0.7557643 2.1874192 1.7206138 1.6841767 1.5796049 1.9457100 1.7293699 1.7382375 1.5275400 2.3003001 2.3003001 1.7293699 1.6964665 1.5275400 
i2_Bc1_bceo_I35_4157          0.4761095 2.4450439 1.9571350 1.7003340 1.8501677 0.0000000 2.0629153 2.4799612 2.2734117 2.2699018 1.8286927 2.3649893 2.3290067 2.2699018 1.8213164 2.4060296 2.0854399 0.6083398 2.0482919 1.9795902 1.8336971 2.2135993 0.5417379 1.8267479 1.9833791 0.5945498 2.6250435 1.7392206 2.2312765 1.8179490 2.0575735 2.6163706 1.7518181 1.9780488 2.5261024 2.5571108 2.2655572 1.6996137 1.9643528 1.6074233 2.2131100 2.2360674 2.0218982 2.4450439 0.4761095 0.4747535 2.1291685 1.8996560 1.8996560 0.4761095 0.4931011 2.1291685 
i4b_Bc2_bceo_I35_0332         2.3769744 1.7601890 0.5737028 2.1080134 1.4328332 2.0629153 0.0000000 1.5000843 1.4775047 1.9670127 2.2603233 1.4452366 1.4469009 1.9670127 2.3048605 1.4743782 0.1110969 2.3084364 1.0046540 2.3603817 2.4626291 1.1710880 2.2148851 0.9397196 2.2590385 2.3077215 1.4884859 2.3204440 0.9898651 2.4750298 1.1739492 1.5040324 1.3316335 0.2375206 1.7556410 1.6142718 1.4578233 1.8570674 1.0843882 1.8196202 1.6586208 1.6547271 1.4101842 1.7601890 2.3769744 2.3434067 1.5151661 2.1986461 2.1986461 2.3769744 2.2893979 1.5151661 
i3_Bm1_bmal_DM55_3345         2.1736096 0.9861620 1.5840400 2.5725091 1.5187694 2.4799612 1.5000843 0.0000000 0.5607138 1.1199084 2.3993848 0.5677361 0.5474070 1.1199084 2.4473719 0.0114369 1.5236792 2.1881890 1.5466905 2.3976321 2.5768721 2.1936743 2.1712046 1.5043174 2.6700260 2.3839436 0.4521814 3.0094618 1.5209186 2.6094306 1.4108477 0.5581503 1.6777273 1.4721580 0.9686861 0.5025906 0.5730772 2.4928774 1.6025041 2.2060048 0.4769026 0.4793756 0.5676827 0.9861620 2.1736096 2.1727833 0.5526692 2.6524722 2.6524722 2.1736096 2.3238320 0.5526692 
i3_Bm2_bmal_DM55_3877         2.1841208 0.7586059 1.4750137 2.4985859 1.6620748 2.2734117 1.4775047 0.5607138 0.0000000 1.0458178 2.4223527 0.3535417 0.0055378 1.0458178 2.4709604 0.5450541 1.4904334 2.3582173 1.5077650 2.4711615 2.5448366 2.1793746 2.1392683 1.5168612 2.7943007 2.4521027 0.4802647 2.8692012 1.3991541 2.4715201 1.3272119 0.1778423 1.7333224 1.3074628 0.8551031 0.4953704 0.3914647 2.5211554 1.5877284 2.0501572 0.5834190 0.5700339 0.3579316 0.7586059 2.1841208 2.1832727 0.3598731 2.7436663 2.7436663 2.1841208 2.3843673 0.3598731 
i3_Bm4_bmal_DM55_4021         2.3554624 0.9431373 1.7780477 2.6884188 1.8169166 2.2699018 1.9670127 1.1199084 1.0458178 0.0000000 2.9954147 0.9717933 1.0236766 0.0000010 2.9893633 1.1011011 2.0217098 2.4128264 1.9954080 2.6195264 2.8721702 2.2503706 2.3737832 2.1203797 3.1056013 2.6594456 1.0117739 2.8597442 1.8766890 3.0093979 1.6519375 1.0056489 1.7203137 1.8367714 0.9552147 0.9578174 0.9755845 2.7533228 1.6972409 2.4229096 1.1292339 1.0965714 0.8904386 0.9431373 2.3554624 2.4103949 0.9149549 2.8475674 2.8475674 2.3554624 2.4271387 0.9149549 
i1_Bm5_bmal_DM55_4698         1.8921369 2.7888380 2.1454373 1.1432085 2.0027581 1.8286927 2.2603233 2.3993848 2.4223527 2.9954147 0.0000000 2.3458121 2.4401695 2.9954147 0.0063666 2.3513257 2.3509101 1.9500862 2.3317572 1.3139461 1.2231730 2.2138252 2.0624750 2.1892048 1.1770006 1.9150095 2.7508836 1.0199137 2.3719168 1.0605185 2.2327022 2.5393457 1.8590927 2.2410862 2.3931530 2.6192537 2.5465842 0.9762337 2.3460164 0.9776033 2.5979323 2.6045192 2.4557371 2.7888380 1.8921369 1.9192093 2.4373172 1.1362003 1.1362003 1.8921369 1.9318297 2.4373172 
i3_Bps1_bps_BPSS0097          2.1692739 0.8032867 1.4669966 2.4370219 1.5092592 2.3649893 1.4452366 0.5677361 0.3535417 0.9717933 2.3458121 0.0000000 0.3433566 0.9717933 2.3926294 0.5535307 1.4998399 2.3914574 1.6308433 2.3219875 2.5690220 2.0902548 2.1550077 1.4877489 2.2724851 2.3063251 0.3787183 2.6734950 1.6898671 2.8124526 1.4312575 0.3251563 1.5326259 1.3365411 0.8395047 0.4780705 0.2905651 2.8280099 1.5591277 1.9487761 0.5581399 0.5428662 0.2821715 0.8032867 2.1692739 2.1684353 0.2585182 2.4870332 2.4870332 2.1692739 2.2632765 0.2585182 
i3_Bps2_bps_BPSS0173          2.2385906 0.7419110 1.4845226 2.5169640 1.6564764 2.3290067 1.4469009 0.5474070 0.0055378 1.0236766 2.4401695 0.3433566 0.0000000 1.0236766 2.4892208 0.5320244 1.4585315 2.4170649 1.4771482 2.4892462 2.5639201 2.1747628 2.1925408 1.5140305 2.8153419 2.5157375 0.4681674 2.8910215 1.3702570 2.4900447 1.2995502 0.1697416 1.7280862 1.2802729 0.8369201 0.4834652 0.3809589 2.5396916 1.5821058 2.0644286 0.5695044 0.5564772 0.3476005 0.7419110 2.2385906 2.2376779 0.3495006 2.7641737 2.7641737 2.2385906 2.4447249 0.3495006 
i3_Bps3_bps_BPSS0516          2.3554624 0.9431373 1.7780477 2.6884188 1.8169166 2.2699018 1.9670127 1.1199084 1.0458178 0.0000010 2.9954147 0.9717933 1.0236766 0.0000000 2.9893633 1.1011011 2.0217098 2.4128264 1.9954080 2.6195264 2.8721702 2.2503706 2.3737832 2.1203797 3.1056013 2.6594456 1.0117739 2.8597442 1.8766890 3.0093979 1.6519375 1.0056489 1.7203137 1.8367714 0.9552147 0.9578174 0.9755845 2.7533228 1.6972409 2.4229096 1.1292339 1.0965714 0.8904386 0.9431373 2.3554624 2.4103949 0.9149549 2.8475674 2.8475674 2.3554624 2.4271387 0.9149549 
i1_Bps4_bps_BPSS1496          1.8847403 2.7780333 2.1875060 1.1382767 1.9874860 1.8213164 2.3048605 2.4473719 2.4709604 2.9893633 0.0063666 2.3926294 2.4892208 2.9893633 0.0000000 2.3980019 2.2991068 1.9363128 2.3780714 1.3116832 1.2128801 2.2068372 2.0565747 2.1848434 1.1731055 1.9013239 2.8100829 0.9998157 2.3195756 1.0595629 2.2307199 2.5914262 1.8196462 2.2845785 2.3908577 2.6738783 2.5980413 0.9564307 2.3364700 0.9731731 2.5952907 2.6018717 2.5060517 2.7780333 1.8847403 1.9117590 2.4872690 1.1343554 1.1343554 1.8847403 1.9243438 2.4872690 
i3_Bps5_bps_BPSS2100          2.1330250 0.9610857 1.5572930 2.5200666 1.4925613 2.4060296 1.4743782 0.0114369 0.5450541 1.1011011 2.3513257 0.5535307 0.5320244 1.1011011 2.3980019 0.0000000 1.4968479 2.1466013 1.5209593 2.3505580 2.5238334 2.1515580 2.1297859 1.4765687 2.6155034 2.3372533 0.4422013 2.9450154 1.4953178 2.5553565 1.3868516 0.5427790 1.6490649 1.4307629 0.9418606 0.4863404 0.5619973 2.4426616 1.5595258 2.1634289 0.4641611 0.4683153 0.5564912 0.9610857 2.1330250 2.1322463 0.5416517 2.5981896 2.5981896 2.1330250 2.2797552 0.5416517 
i4b_Bps6_bps_BPSL3107         2.4806734 1.8376459 0.6277045 2.1206494 1.3966955 2.0854399 0.1110969 1.5236792 1.4904334 2.0217098 2.3509101 1.4998399 1.4585315 2.0217098 2.2991068 1.4968479 0.0000000 2.4412919 0.9795883 2.5241700 2.4930246 1.1876169 2.2026544 0.9557189 2.4980206 2.3618027 1.6664892 2.1250816 0.9120174 2.3516168 1.1658346 1.5338973 1.3107371 0.2665793 1.8123687 1.6475336 1.5212557 1.8559428 1.0551314 1.9785861 1.7099513 1.7057731 1.5197815 1.8376459 2.4806734 2.4441748 1.6115582 2.2481426 2.2481426 2.4806734 2.3979198 1.6115582 
i2_Cf1_cfd_CFNIH1_02200       0.3894252 2.5516886 2.3404671 1.9248813 1.9600318 0.6083398 2.3084364 2.1881890 2.3582173 2.4128264 1.9500862 2.3914574 2.4170649 2.4128264 1.9363128 2.1466013 2.4412919 0.0000000 2.3941331 1.9304270 1.9923163 2.2739830 0.4090824 1.9761016 1.9010623 0.3399920 2.5215737 2.1225763 2.0437583 1.7896013 2.1155042 2.4928147 2.0966245 2.2363822 2.4911850 2.6630501 2.1708645 1.8724110 2.1788577 1.5899766 2.2269759 2.2376476 2.3538768 2.5516886 0.3894252 0.4014685 2.4700310 1.8523468 1.8523468 0.3894252 0.4108766 2.4700310 
i4a_Cf2_cfd_CFNIH1_08885      2.2460822 1.8707873 1.2050077 2.8937928 1.3046985 2.0482919 1.0046540 1.5466905 1.5077650 1.9954080 2.3317572 1.6308433 1.4771482 1.9954080 2.3780714 1.5209593 0.9795883 2.3941331 0.0000000 2.8127122 2.8488014 1.3947307 2.2076382 1.2886570 2.6725176 2.2199653 1.6495097 2.6229837 0.5009463 2.4669213 0.8730114 1.6991008 1.3564738 0.8734628 1.8242674 1.5886544 1.8442245 2.5234809 1.1221948 2.4474251 1.7548620 1.7621882 1.8123549 1.8707873 2.2460822 2.3172044 1.8460979 2.5927413 2.5927413 2.2460822 2.3742989 1.8460979 
i1_Cj_cjl_PJ17_05115          1.7684029 2.1467052 2.2660511 1.0183371 2.3159515 1.9795902 2.3603817 2.3976321 2.4711615 2.6195264 1.3139461 2.3219875 2.4892462 2.6195264 1.3116832 2.3505580 2.5241700 1.9304270 2.8127122 0.0000000 0.8999772 2.4167540 2.0292492 2.4877939 0.4932381 1.8968858 2.2576103 1.2058706 2.6375384 1.1754864 2.4220614 2.7284509 2.3958358 2.2857268 2.2518260 2.5981487 2.3480826 1.0731147 2.1901317 1.1566819 2.2430088 2.2486435 2.2349370 2.1467052 1.7684029 1.7508086 2.2865022 0.9717729 0.9717729 1.7684029 1.7334258 2.2865022 
i1_EAEC1_eck_EC55989_0233     1.6916540 2.3671940 2.4311413 0.6760928 2.3300849 1.8336971 2.4626291 2.5768721 2.5448366 2.8721702 1.2231730 2.5690220 2.5639201 2.8721702 1.2128801 2.5238334 2.4930246 1.9923163 2.8488014 0.8999772 0.0000000 2.2463829 1.9945102 2.1196016 0.9004839 1.7283953 2.8040612 1.0993366 2.8827093 0.7902695 2.2389946 2.7420688 2.3398392 2.2213089 2.3741795 2.8946976 2.3986114 0.7239486 2.4964087 1.1580537 2.4336372 2.4577569 2.7979789 2.3671940 1.6916540 1.6356983 2.8006808 0.5971182 0.5971182 1.6916540 1.6629450 2.8006808 
i4b_EAEC2_eck_EC55989_3298    2.1370145 2.1741260 1.0472580 2.4536588 1.4545009 2.2135993 1.1710880 2.1936743 2.1793746 2.2503706 2.2138252 2.0902548 2.1747628 2.2503706 2.2068372 2.1515580 1.1876169 2.2739830 1.3947307 2.4167540 2.2463829 0.0000000 2.1719419 1.2091853 2.2042353 2.3173062 2.1533571 2.6532113 1.0785523 2.4382434 1.6620674 2.0962995 1.6205027 1.1561522 2.0611808 2.1169412 2.1864118 2.1966434 1.4031923 2.2798556 2.1509514 2.1610358 1.9723254 2.1741260 2.1370145 2.2015139 2.0062162 2.3197653 2.3197653 2.1370145 2.1706175 2.0062162 
i2_EAEC3_eck_EC55989_3340     0.3980959 2.4807329 2.2137878 2.0154037 1.9199554 0.5417379 2.2148851 2.1712046 2.1392683 2.3737832 2.0624750 2.1550077 2.1925408 2.3737832 2.0565747 2.1297859 2.2026544 0.4090824 2.2076382 2.0292492 1.9945102 2.1719419 0.0000000 1.8226537 1.9056355 0.4043519 2.2376979 2.1127509 2.2258710 1.7751840 2.1220100 2.2014457 2.0629332 2.1201466 2.3572839 2.3608000 1.9185231 1.8903374 2.1494758 1.4628639 1.9415301 1.9506788 2.1159246 2.4807329 0.3980959 0.4006756 2.1311107 1.7785865 1.7785865 0.3980959 0.4203437 2.1311107 
i4b_Et_etr_ETAE_2429          1.8898624 1.6779076 1.0497563 2.0612505 1.4572415 1.8267479 0.9397196 1.5043174 1.5168612 2.1203797 2.1892048 1.4877489 1.5140305 2.1203797 2.1848434 1.4765687 0.9557189 1.9761016 1.2886570 2.4877939 2.1196016 1.2091853 1.8226537 0.0000000 2.3931666 2.1164886 1.5477173 2.4657676 1.1358756 2.2638244 1.2823995 1.5569821 1.3991809 0.9664978 1.5301888 1.6376827 1.6054471 1.8623317 1.2460735 1.9072077 1.5572146 1.5381966 1.5268671 1.6779076 1.8898624 1.9023606 1.5225556 2.3657092 2.3657092 1.8898624 1.9151810 1.5225556 
i1_Hh_hhe_HH_0248             1.8096077 2.4906016 2.1616259 1.0803773 1.9135824 1.9833791 2.2590385 2.6700260 2.7943007 3.1056013 1.1770006 2.2724851 2.8153419 3.1056013 1.1731055 2.6155034 2.4980206 1.9010623 2.6725176 0.4932381 0.9004839 2.2042353 1.9056355 2.3931666 0.0000000 1.8419398 2.4883651 1.2835538 2.8296355 1.1384880 2.4006624 2.8710321 2.1500036 2.2410824 2.4656498 2.9446232 2.6117640 1.0868685 2.2197025 1.0466702 2.3733566 2.3793176 2.3199982 2.4906016 1.8096077 1.8107287 2.4197470 0.9973706 0.9973706 1.8096077 1.8050179 2.4197470 
i2_Kp1_kpu_KP1_2392           0.3362676 2.5893756 2.2360915 1.7586645 2.0453054 0.5945498 2.3077215 2.3839436 2.4521027 2.6594456 1.9150095 2.3063251 2.5157375 2.6594456 1.9013239 2.3372533 2.3618027 0.3399920 2.2199653 1.8968858 1.7283953 2.3173062 0.4043519 2.1164886 1.8419398 0.0000000 2.7474191 1.8134842 2.0622546 1.7120101 2.1240589 2.4608109 1.9948824 2.1767940 2.6002084 2.7196071 2.2177433 1.7976733 2.3256552 1.6333078 2.1588217 2.1690352 2.5208605 2.5893756 0.3362676 0.3496848 2.6139911 1.7564744 1.7564744 0.3362676 0.3622635 2.6139911 
i3_Pa1_paei_N296_89           2.3810473 0.7687683 1.5806429 2.7705780 1.7220036 2.6250435 1.4884859 0.4521814 0.4802647 1.0117739 2.7508836 0.3787183 0.4681674 1.0117739 2.8100829 0.4422013 1.6664892 2.5215737 1.6495097 2.2576103 2.8040612 2.1533571 2.2376979 1.5477173 2.4883651 2.7474191 0.0000000 3.0377527 1.6840096 2.6882237 1.5079716 0.4409586 1.8424496 1.4358949 0.9461515 0.4340811 0.4521527 2.6747572 1.6281458 2.0893796 0.4157975 0.4062087 0.4102205 0.7687683 2.3810473 2.3799399 0.3794059 2.7180329 2.7180329 2.3810473 2.5181834 0.3794059 
i1_Pa2_paei_N296_1703         1.6802441 3.1201204 2.1149708 1.0263783 2.2470317 1.7392206 2.3204440 3.0094618 2.8692012 2.8597442 1.0199137 2.6734950 2.8910215 2.8597442 0.9998157 2.9450154 2.1250816 2.1225763 2.6229837 1.2058706 1.0993366 2.6532113 2.1127509 2.4657676 1.2835538 1.8134842 3.0377527 0.0000000 2.5218600 1.0005890 2.3840743 3.1888082 2.1023719 2.3088147 2.9554029 3.0250554 2.6166314 0.9924002 2.0328570 0.9648920 2.7470375 2.7390794 3.0641651 3.1201204 1.6802441 1.6986761 3.0647696 1.2219188 1.2219188 1.6802441 1.7240120 3.0647696 
i4b_Pa3_paei_N296_2439        2.0956461 1.7667405 1.0335075 2.9445162 1.3847796 2.2312765 0.9898651 1.5209186 1.3991541 1.8766890 2.3719168 1.6898671 1.3702570 1.8766890 2.3195756 1.4953178 0.9120174 2.0437583 0.5009463 2.6375384 2.8827093 1.0785523 2.2258710 1.1358756 2.8296355 2.0622546 1.6840096 2.5218600 0.0000000 2.5111721 0.8116841 1.6152719 1.4545275 0.9144175 1.7129977 1.5954284 1.6124696 2.6152936 1.2931000 2.3664413 1.6704639 1.6773567 1.7835427 1.7667405 2.0956461 2.1976039 1.8178995 2.5786935 2.5786935 2.0956461 2.1737696 1.8178995 
i1_Pf_pfn_HZ99_05025          1.6031167 2.7872005 2.4251927 0.8744948 2.0774422 1.8179490 2.4750298 2.6094306 2.4715201 3.0093979 1.0605185 2.8124526 2.4900447 3.0093979 1.0595629 2.5553565 2.3516168 1.7896013 2.4669213 1.1754864 0.7902695 2.4382434 1.7751840 2.2638244 1.1384880 1.7120101 2.6882237 1.0005890 2.5111721 0.0000000 2.3440086 2.8645049 2.3366546 2.2577584 2.2316926 2.8011842 2.6675749 0.6654055 2.4033190 0.9486934 2.4444683 2.4374183 2.7751719 2.7872005 1.6031167 1.5829172 2.8098289 0.8001885 0.8001885 1.6031167 1.5843946 2.8098289 
i4a_Pp1_bph_Bphy_5978         1.9767408 1.6625443 1.2539882 2.4806933 1.2625191 2.0575735 1.1739492 1.4108477 1.3272119 1.6519375 2.2327022 1.4312575 1.2995502 1.6519375 2.2307199 1.3868516 1.1658346 2.1155042 0.8730114 2.4220614 2.2389946 1.6620674 2.1220100 1.2823995 2.4006624 2.1240589 1.5079716 2.3840743 0.8116841 2.3440086 0.0000000 1.3075149 1.3798316 0.9962734 1.6631976 1.4894156 1.3548318 2.2878239 1.3969017 2.0102441 1.4957550 1.5086577 1.4212945 1.6625443 1.9767408 1.9293753 1.4338863 2.3027329 2.3027329 1.9767408 1.9795430 1.4338863 
i3_Pp2_bph_Bphy_6114          2.2267705 0.7933166 1.4809880 2.6792817 1.6525343 2.6163706 1.5040324 0.5581503 0.1778423 1.0056489 2.5393457 0.3251563 0.1697416 1.0056489 2.5914262 0.5427790 1.5338973 2.4928147 1.6991008 2.7284509 2.7420688 2.0962995 2.2014457 1.5569821 2.8710321 2.4608109 0.4409586 3.1888082 1.6152719 2.8645049 1.3075149 0.0000000 1.7197340 1.3001889 0.9031269 0.4905647 0.3114183 2.8577299 1.5256051 2.1359671 0.5557313 0.5341203 0.2874716 0.7933166 2.2267705 2.2258492 0.2545055 2.7473153 2.7473153 2.2267705 2.3569904 0.2545055 
i5_Rl_rlb_RLEG3_07675         1.7190261 2.0109958 1.3225166 2.3526529 0.2118884 1.7518181 1.3316335 1.6777273 1.7333224 1.7203137 1.8590927 1.5326259 1.7280862 1.7203137 1.8196462 1.6490649 1.3107371 2.0966245 1.3564738 2.3958358 2.3398392 1.6205027 2.0629332 1.3991809 2.1500036 1.9948824 1.8424496 2.1023719 1.4545275 2.3366546 1.3798316 1.7197340 0.0000000 1.3809543 1.6940035 1.7252486 1.7616179 1.9798477 0.7995953 2.1953240 1.7356706 1.6991825 1.6664692 2.0109958 1.7190261 1.7376245 1.6443709 2.3698861 2.3698861 1.7190261 1.7369044 1.6443709 
i4b_Rs_rso_RSp0743            2.2877480 1.6061439 0.5546450 2.1368952 1.3794425 1.9780488 0.2375206 1.4721580 1.3074628 1.8367714 2.2410862 1.3365411 1.2802729 1.8367714 2.2845785 1.4307629 0.2665793 2.2363822 0.8734628 2.2857268 2.2213089 1.1561522 2.1201466 0.9664978 2.2410824 2.1767940 1.4358949 2.3088147 0.9144175 2.2577584 0.9962734 1.3001889 1.3809543 0.0000000 1.6705724 1.4648628 1.3631080 1.7588652 1.0511914 1.7625057 1.5228810 1.5037930 1.3093324 1.6061439 2.2877480 2.2245661 1.2918049 2.1835106 2.1835106 2.2877480 2.2184060 1.2918049 
i3_Sm1_serf_L085_12845        2.3053504 0.3210767 1.7363573 2.3561350 1.7401837 2.5261024 1.7556410 0.9686861 0.8551031 0.9552147 2.3931530 0.8395047 0.8369201 0.9552147 2.3908577 0.9418606 1.8123687 2.4911850 1.8242674 2.2518260 2.3741795 2.0611808 2.3572839 1.5301888 2.4656498 2.6002084 0.9461515 2.9554029 1.7129977 2.2316926 1.6631976 0.9031269 1.6940035 1.6705724 0.0000000 1.0082375 0.8828088 2.1220090 1.8070745 2.1372235 0.9396457 0.9156279 0.8255452 0.3210767 2.3053504 2.2892224 0.7883334 2.3376470 2.3376470 2.3053504 2.3525489 0.7883334 
i3_Sm2_serf_L085_13780        2.6787651 0.9709381 1.4211432 2.9858235 1.6644376 2.5571108 1.6142718 0.5025906 0.4953704 0.9578174 2.6192537 0.4780705 0.4834652 0.9578174 2.6738783 0.4863404 1.6475336 2.6630501 1.5886544 2.5981487 2.8946976 2.1169412 2.3608000 1.6376827 2.9446232 2.7196071 0.4340811 3.0250554 1.5954284 2.8011842 1.4894156 0.4905647 1.7252486 1.4648628 1.0082375 0.0000000 0.4998014 2.7977298 1.8468391 2.0006021 0.5866602 0.5793517 0.5328328 0.9709381 2.6787651 2.6773069 0.5158331 3.0050244 3.0050244 2.6787651 2.8409910 0.5158331 
i3_Stm_setc_CFSAN001921_16035 2.1495364 0.8393173 1.4174038 2.3855363 1.6748179 2.2655572 1.4578233 0.5730772 0.3914647 0.9755845 2.5465842 0.2905651 0.3809589 0.9755845 2.5980413 0.5619973 1.5212557 2.1708645 1.8442245 2.3480826 2.3986114 2.1864118 1.9185231 1.6054471 2.6117640 2.2177433 0.4521527 2.6166314 1.6124696 2.6675749 1.3548318 0.3114183 1.7616179 1.3631080 0.8828088 0.4998014 0.0000000 2.8013608 1.6851338 1.8369725 0.5552227 0.5536889 0.3266707 0.8393173 2.1495364 2.1909773 0.3195126 2.4538324 2.4538324 2.1495364 2.2137703 0.3195126 
i1_Vc_vcm_VCM66_A0105         1.6280735 2.3108038 1.8709286 0.5865111 2.2276049 1.6996137 1.8570674 2.4928774 2.5211554 2.7533228 0.9762337 2.8280099 2.5396916 2.7533228 0.9564307 2.4426616 1.8559428 1.8724110 2.5234809 1.0731147 0.7239486 2.1966434 1.8903374 1.8623317 1.0868685 1.7976733 2.6747572 0.9924002 2.6152936 0.6654055 2.2878239 2.8577299 1.9798477 1.7588652 2.1220090 2.7977298 2.8013608 0.0000000 2.2048924 0.7869916 2.4766177 2.4693596 2.5330304 2.3108038 1.6280735 1.6020741 2.6349843 0.6717419 0.6717419 1.6280735 1.6372247 2.6349843 
i5_Vp1_vpa_VPA1035            1.9696997 1.9335528 1.0429400 2.4164483 0.7557643 1.9643528 1.0843882 1.6025041 1.5877284 1.6972409 2.3460164 1.5591277 1.5821058 1.6972409 2.3364700 1.5595258 1.0551314 2.1788577 1.1221948 2.1901317 2.4964087 1.4031923 2.1494758 1.2460735 2.2197025 2.3256552 1.6281458 2.0328570 1.2931000 2.4033190 1.3969017 1.5256051 0.7995953 1.0511914 1.8070745 1.8468391 1.6851338 2.2048924 0.0000000 1.9524664 1.5794687 1.5816279 1.7459534 1.9335528 1.9696997 1.9378464 1.7068187 2.2628873 2.2628873 1.9696997 1.9369706 1.7068187 
i1_Vp2_vpa_VP1402             1.6423829 2.5533732 1.6962179 0.9263972 2.1874192 1.6074233 1.8196202 2.2060048 2.0501572 2.4229096 0.9776033 1.9487761 2.0644286 2.4229096 0.9731731 2.1634289 1.9785861 1.5899766 2.4474251 1.1566819 1.1580537 2.2798556 1.4628639 1.9072077 1.0466702 1.6333078 2.0893796 0.9648920 2.3664413 0.9486934 2.0102441 2.1359671 2.1953240 1.7625057 2.1372235 2.0006021 1.8369725 0.7869916 1.9524664 0.0000000 1.9920366 2.0013426 2.0577522 2.5533732 1.6423829 1.6428879 2.0267329 0.9630846 0.9630846 1.6423829 1.6304278 2.0267329 
i3_Xc_xac_XAC4147             1.9169826 0.9184945 1.4903352 2.5613597 1.7206138 2.2131100 1.6586208 0.4769026 0.5834190 1.1292339 2.5979323 0.5581399 0.5695044 1.1292339 2.5952907 0.4641611 1.7099513 2.2269759 1.7548620 2.2430088 2.4336372 2.1509514 1.9415301 1.5572146 2.3733566 2.1588217 0.4157975 2.7470375 1.6704639 2.4444683 1.4957550 0.5557313 1.7356706 1.5228810 0.9396457 0.5866602 0.5552227 2.4766177 1.5794687 1.9920366 0.0000000 0.0179804 0.5559522 0.9184945 1.9169826 1.9163955 0.5301972 2.6903645 2.6903645 1.9169826 2.0514391 0.5301972 
i3_Xp_xph_XppCFBP6546_13675   1.8914792 0.8998653 1.4962925 2.5869791 1.6841767 2.2360674 1.6547271 0.4793756 0.5700339 1.0965714 2.6045192 0.5428662 0.5564772 1.0965714 2.6018717 0.4683153 1.7057731 2.2376476 1.7621882 2.2486435 2.4577569 2.1610358 1.9506788 1.5381966 2.3793176 2.1690352 0.4062087 2.7390794 1.6773567 2.4374183 1.5086577 0.5341203 1.6991825 1.5037930 0.9156279 0.5793517 0.5536889 2.4693596 1.5816279 2.0013426 0.0179804 0.0000000 0.5425876 0.8998653 1.8914792 1.8909133 0.5174890 2.6970970 2.6970970 1.8914792 2.0243411 0.5174890 
i3_Ye_yet_CH48_3193           2.2209493 0.7682292 1.4957661 2.6305915 1.5796049 2.0218982 1.4101842 0.5676827 0.3579316 0.8904386 2.4557371 0.2821715 0.3476005 0.8904386 2.5060517 0.5564912 1.5197815 2.3538768 1.8123549 2.2349370 2.7979789 1.9723254 2.1159246 1.5268671 2.3199982 2.5208605 0.4102205 3.0641651 1.7835427 2.7751719 1.4212945 0.2874716 1.6664692 1.3093324 0.8255452 0.5328328 0.3266707 2.5330304 1.7459534 2.0577522 0.5559522 0.5425876 0.0000000 0.7682292 2.2209493 2.2498970 0.0475894 2.7633840 2.7633840 2.2209493 2.3378353 0.0475894 
i3_Yp1_ype_YPO0500            2.4238377 0.0000010 1.7567336 2.5081226 1.9457100 2.4450439 1.7601890 0.9861620 0.7586059 0.9431373 2.7888380 0.8032867 0.7419110 0.9431373 2.7780333 0.9610857 1.8376459 2.5516886 1.8707873 2.1467052 2.3671940 2.1741260 2.4807329 1.6779076 2.4906016 2.5893756 0.7687683 3.1201204 1.7667405 2.7872005 1.6625443 0.7933166 2.0109958 1.6061439 0.3210767 0.9709381 0.8393173 2.3108038 1.9335528 2.5533732 0.9184945 0.8998653 0.7682292 0.0000000 2.4238377 2.3900743 0.7430103 2.5672834 2.5672834 2.4238377 2.4136914 0.7430103 
i2_Yp2_ype_YPO0978            0.0000010 2.4238377 2.0700924 1.6432796 1.7293699 0.4761095 2.3769744 2.1736096 2.1841208 2.3554624 1.8921369 2.1692739 2.2385906 2.3554624 1.8847403 2.1330250 2.4806734 0.3894252 2.2460822 1.7684029 1.6916540 2.1370145 0.3980959 1.8898624 1.8096077 0.3362676 2.3810473 1.6802441 2.0956461 1.6031167 1.9767408 2.2267705 1.7190261 2.2877480 2.3053504 2.6787651 2.1495364 1.6280735 1.9696997 1.6423829 1.9169826 1.8914792 2.2209493 2.4238377 0.0000000 0.0248124 2.2384517 1.5391133 1.5391133 0.0000010 0.0510864 2.2384517 
i2_Yp3_ype_YPO1465            0.0248124 2.3900743 2.1136619 1.6715140 1.7382375 0.4747535 2.3434067 2.1727833 2.1832727 2.4103949 1.9192093 2.1684353 2.2376779 2.4103949 1.9117590 2.1322463 2.4441748 0.4014685 2.3172044 1.7508086 1.6356983 2.2015139 0.4006756 1.9023606 1.8107287 0.3496848 2.3799399 1.6986761 2.1976039 1.5829172 1.9293753 2.2258492 1.7376245 2.2245661 2.2892224 2.6773069 2.1909773 1.6020741 1.9378464 1.6428879 1.9163955 1.8909133 2.2498970 2.3900743 0.0248124 0.0000000 2.2375275 1.5429202 1.5429202 0.0248124 0.0506823 2.2375275 
i3_Yp5_ype_YPO2939            2.2384517 0.7430103 1.4992848 2.7301472 1.5275400 2.1291685 1.5151661 0.5526692 0.3598731 0.9149549 2.4373172 0.2585182 0.3495006 0.9149549 2.4872690 0.5416517 1.6115582 2.4700310 1.8460979 2.2865022 2.8006808 2.0062162 2.1311107 1.5225556 2.4197470 2.6139911 0.3794059 3.0647696 1.8178995 2.8098289 1.4338863 0.2545055 1.6443709 1.2918049 0.7883334 0.5158331 0.3195126 2.6349843 1.7068187 2.0267329 0.5301972 0.5174890 0.0475894 0.7430103 2.2384517 2.2375275 0.0000000 2.7894313 2.7894313 2.2384517 2.3563804 0.0000010 
i1_Yp6_ype_YPO3707            1.5391133 2.5672834 2.2601421 0.5247856 2.3003001 1.8996560 2.1986461 2.6524722 2.7436663 2.8475674 1.1362003 2.4870332 2.7641737 2.8475674 1.1343554 2.5981896 2.2481426 1.8523468 2.5927413 0.9717729 0.5971182 2.3197653 1.7785865 2.3657092 0.9973706 1.7564744 2.7180329 1.2219188 2.5786935 0.8001885 2.3027329 2.7473153 2.3698861 2.1835106 2.3376470 3.0050244 2.4538324 0.6717419 2.2628873 0.9630846 2.6903645 2.6970970 2.7633840 2.5672834 1.5391133 1.5429202 2.7894313 0.0000000 0.0000010 1.5391133 1.5013923 2.7894313 
i1_Yps1_ypi_YpsIP31758_0313   1.5391133 2.5672834 2.2601421 0.5247856 2.3003001 1.8996560 2.1986461 2.6524722 2.7436663 2.8475674 1.1362003 2.4870332 2.7641737 2.8475674 1.1343554 2.5981896 2.2481426 1.8523468 2.5927413 0.9717729 0.5971182 2.3197653 1.7785865 2.3657092 0.9973706 1.7564744 2.7180329 1.2219188 2.5786935 0.8001885 2.3027329 2.7473153 2.3698861 2.1835106 2.3376470 3.0050244 2.4538324 0.6717419 2.2628873 0.9630846 2.6903645 2.6970970 2.7633840 2.5672834 1.5391133 1.5429202 2.7894313 0.0000010 0.0000000 1.5391133 1.5013923 2.7894313 
i2_Yps2_ypi_YpsIP31758_0726   0.0000010 2.4238377 2.0700924 1.6432796 1.7293699 0.4761095 2.3769744 2.1736096 2.1841208 2.3554624 1.8921369 2.1692739 2.2385906 2.3554624 1.8847403 2.1330250 2.4806734 0.3894252 2.2460822 1.7684029 1.6916540 2.1370145 0.3980959 1.8898624 1.8096077 0.3362676 2.3810473 1.6802441 2.0956461 1.6031167 1.9767408 2.2267705 1.7190261 2.2877480 2.3053504 2.6787651 2.1495364 1.6280735 1.9696997 1.6423829 1.9169826 1.8914792 2.2209493 2.4238377 0.0000010 0.0248124 2.2384517 1.5391133 1.5391133 0.0000000 0.0510864 2.2384517 
i2_Yps3_ypi_YpsIP31758_0777   0.0510864 2.4136914 2.0382100 1.6877716 1.6964665 0.4931011 2.2893979 2.3238320 2.3843673 2.4271387 1.9318297 2.2632765 2.4447249 2.4271387 1.9243438 2.2797552 2.3979198 0.4108766 2.3742989 1.7334258 1.6629450 2.1706175 0.4203437 1.9151810 1.8050179 0.3622635 2.5181834 1.7240120 2.1737696 1.5843946 1.9795430 2.3569904 1.7369044 2.2184060 2.3525489 2.8409910 2.2137703 1.6372247 1.9369706 1.6304278 2.0514391 2.0243411 2.3378353 2.4136914 0.0510864 0.0506823 2.3563804 1.5013923 1.5013923 0.0510864 0.0000000 2.3563804 
i3_Yps4_ypi_YpsIP31758_1367   2.2384517 0.7430103 1.4992848 2.7301472 1.5275400 2.1291685 1.5151661 0.5526692 0.3598731 0.9149549 2.4373172 0.2585182 0.3495006 0.9149549 2.4872690 0.5416517 1.6115582 2.4700310 1.8460979 2.2865022 2.8006808 2.0062162 2.1311107 1.5225556 2.4197470 2.6139911 0.3794059 3.0647696 1.8178995 2.8098289 1.4338863 0.2545055 1.6443709 1.2918049 0.7883334 0.5158331 0.3195126 2.6349843 1.7068187 2.0267329 0.5301972 0.5174890 0.0475894 0.7430103 2.2384517 2.2375275 0.0000010 2.7894313 2.7894313 2.2384517 2.3563804 0.0000000 
